12/02/16 12:02 AM                                                                     SAN BENITO Statement of Vote                                                         30 of 46
 November 8,2016

                                                                                       CALIFORNIA STATE PROPOSITIONS
140030




                                                                     PROPOSITION 59




                                                                                                 PROPOSITION 60




                                                                                                                             PROPOSITION 61




                                                                                                                                                         PROPOSITION 62
                                        Ballots Cast
                         Registration




                                                       Turnout (%)




                                                                     YES




                                                                                                 YES




                                                                                                                             YES




                                                                                                                                                         YES
                                                                                      NO




                                                                                                                  NO




                                                                                                                                              NO




                                                                                                                                                                          NO
0130001 0001                    993            264        26.59                104     132                 116         133             102         143              98         154
0130001 - Vote by Mail          993            561        56.50                259     249                 232         286             227         297             203         330
0130002 0002                   1468            434        29.56                151     226                 159         235             130         267             111         292
0130002 - Vote by Mail         1468            805        54.84                302     432                 253         483             262         492             246         523
0135109 0003                   1040            265        25.48                123     112                 129         118             104         142             106         141
0135109 - Vote by Mail         1040            519        49.90                224     254                 260         232             207         295             211         297
0135423 0004                    598            176        29.43                 84      80                  66         100              67         103              59         112
0135423 - Vote by Mail          598            316        52.84                145     143                 138         149             131         165              97         197
0135425 0005                    856            229        26.75                 90     112                  98         110              82         125              71         143
0135425 - Vote by Mail          856            474        55.37                223     211                 175         269             190         253             139         319
0201001 0006                    524            131        25.00                 55      64                  43          77              50          72              47          79
0201001 - Vote by Mail          524            294        56.11                146     121                 113         168             110         173             129         159
0205001 0007                    756            251        33.20                141      81                  85         146             120         110             140         101
0205001 - Vote by Mail          756            381        50.40                214     135                 138         221             160         196             205         163
0235320 0008                    389             83        21.34                 44      32                  38          38              35          45              35          45
0235320 - Vote by Mail          389            201        51.67                 93      83                  99          90              95          96              83         108
0235321 0009                    550            168        30.55                 83      71                  78          86              73          94              70          94
0235321 - Vote by Mail          550            289        52.55                130     135                 127         147             124         150             108         171
0235426 0010                   1107            306        27.64                151     122                 134         152             120         167             107         184
0235426 - Vote by Mail         1107            610        55.10                264     299                 245         325             229         357             221         368
0240001 0011                    947            221        23.34                 91     107                  64         135              82         123              75         135
0240001 - Vote by Mail          947            557        58.82                237     276                 206         317             185         335             170         368
0265000 0012                    999            320        32.03                166     116                 132         165             130         167             161         139
0265000 - Vote by Mail          999            498        49.85                284     165                 205         258             212         248             233         237
0335111 0013                    408             86        21.08                 40      35                  37          42              20          59              26          55
0335111 - Vote by Mail          408            228        55.88                129      87                  98         119              82         135             107         114
0335213 0014                   1625            356        21.91                174     148                 178         152             131         204             143         196
0335213 - Vote by Mail         1625            825        50.77                410     359                 394         377             375         409             335         451
0335315 0015                   1121            263        23.46                109     129                 128         112             124         122             106         145
0335315 - Vote by Mail         1121            597        53.26                302     235                 306         242             263         292             287         269
0335316 0016                   2023            512        25.31                249     211                 196         283             187         296             188         300
0335316 - Vote by Mail         2023           1171        57.88                532     525                 457         621             430         670             411         713
0420002 0017                    922            222        24.08                 74     125                  76         126              75         133              66         147
0420002 - Vote by Mail          922            534        57.92                251     225                 214         262             201         293             172         333
0435427 0018                    852            217        25.47                103      93                  98         106              86         115              72         135
0435427 - Vote by Mail          852            434        50.94                219     174                 188         210             147         255             162         254
0435438 0019                   1249            363        29.06                158     159                 154         176             139         190             126         206
0435438 - Vote by Mail         1249            669        53.56                302     286                 282         336             263         349             229         409
0458001 0020                    788            195        24.75                 81      92                  57         125              62         120              69         116
0458001 - Vote by Mail          788            476        60.41                200     227                 176         265             178         271             159         292
0458002 0021                    918            264        28.76                105     132                  84         167              87         167              96         155
0458002 - Vote by Mail          918            524        57.08                249     244                 171         328             186         322             194         318
0470000 0022                    631            120        19.02                 42      71                  29          87              49          69              35          82
0470000 - Vote by Mail          631            389        61.65                160     204                 148         214             149         220             125         247
0475000 0023                    169             46        27.22                 16      24                  14          29              11          32              10          35
0475000 - Vote by Mail          169             89        52.66                 40      42                  44          42              40          45              33          54
0480003 0024                    467             89        19.06                 27      45                  30          48              36          43              27          55
0480003 - Vote by Mail          467            319        68.31                126     166                 103         188             109         195             102         206
0535105 0025                    474            122        25.74                 53      54                  76          39              58          57              49          68
0535105 - Vote by Mail          474            212        44.73                110      89                 122          76             104          98             103          99
0535135 0026                    466             96        20.60                 45      40                  45          45              46          42              45          44
0535135 - Vote by Mail          466              244      52.36                117     109                 113         116             112         111             122         110
0535136 0027                   1465              380      25.94                194     152                 183         168             172         188             152         208
0535136 - Vote by Mail         1465              749      51.13                390     276                 314         383             327         383             326         380
0535212 0028                   1281              273      21.31                145     111                 146         114             132         127             135         127
0535212 - Vote by Mail         1281              669      52.22                375     248                 331         299             310         310             338         295
0535228 0029                    603              106      17.58                 48      45                  57          38              55          43              43          54
0535228 - Vote by Mail          603              324      53.73                166     126                 158         140             170         140             170         136
9130003 0030                     50                0       0.00                  0       0                   0           0               0           0               0           0
9130003 - Vote by Mail           50               41      82.00                 14      20                  15          21              12          22              12          25
9130004 0031                    231                0       0.00                  0       0                   0           0               0           0               0           0
12/02/16 12:02 AM                                                                               SAN BENITO Statement of Vote                                                                    31 of 46
 November 8,2016

                                                                                                 CALIFORNIA STATE PROPOSITIONS
140030




                                                                               PROPOSITION 59




                                                                                                                  PROPOSITION 60




                                                                                                                                                 PROPOSITION 61




                                                                                                                                                                              PROPOSITION 62
                                                  Ballots Cast
                                  Registration




                                                                 Turnout (%)




                                                                               YES




                                                                                                                  YES




                                                                                                                                                 YES




                                                                                                                                                                              YES
                                                                                                NO




                                                                                                                                   NO




                                                                                                                                                                  NO




                                                                                                                                                                                               NO
9130004 - Vote by Mail                      231            179    77.49                    72      92                      72        99               63            105              41             131
9130005 0032                                180              0     0.00                     0       0                       0         0                 0             0                0              0
9130005 - Vote by Mail                      180            139    77.22                    62      66                      55        78               57             79              64              68
9135101 0033                                  5              0     0.00                     0       0                       0         0                 0             0                0              0
9135101 - Vote by Mail                        5              4    80.00                     4       ***********
                                                                                                    0                   Insufficient
                                                                                                                            2        Turnout
                                                                                                                                      2      to Protect 0Voter     Privacy
                                                                                                                                                                      4      ********* 2              2
9135102 0034                                 14              0     0.00                     0       0                       0         0                 0             0                0              0
9135102 - Vote by Mail                       14             12    85.71                     6       4                       6         5                 5             7                4              7
9135318 0035                                272              0     0.00                     0       0                       0         0                 0             0                0              0
9135318 - Vote by Mail                      272            209    76.84                    86      94                      98        93               78            117              72             128
9145001 0036                                299              0     0.00                     0       0                       0         0                 0             0                0              0
9145001 - Vote by Mail                      299            214    71.57                    77     109                      77      118                75            121              76             120
9185003 0037                                 19              0     0.00                     0       0                       0         0                 0             0                0              0
9185003 - Vote by Mail                       19             16    84.21                     6       5                       7         5                 5             7                3             11
9235214 0038                                132              0     0.00                     0       0                       0         0                 0             0                0              0
9235214 - Vote by Mail                      132            105    79.55                    46      51                      44        58               39             58              43              57
9240004 0039                                 19              0     0.00                     0       0                       0         0                 0             0                0              0
9240004 - Vote by Mail                       19             13    68.42                     5       7                       7         3                 6             6                5              7
9280001 0040                                149              0     0.00                     0       0                       0         0                 0             0                0              0
9280001 - Vote by Mail                      149            129    86.58                    57      65                      57        66               50             78              53              71
9280002 0041                                188              0     0.00                     0       0                       0         0                 0             0                0              0
9280002 - Vote by Mail                      188            153    81.38                    79      63                      64        74               56             81              65              82
9335319 0042                                 44              0     0.00                     0       0                       0         0                 0             0                0              0
9335319 - Vote by Mail                       44             40    90.91                    21      16                      20        19               15             22              16              23
9395003 0043                                 18              0     0.00                     0       0                       0         0                 0             0                0              0
9395003 - Vote by Mail                       18             16    88.89                     7       5                      10         5                 4            11                7              9
9410000 0044                                 79              0     0.00                     0       0                       0         0                 0             0                0              0
9410000 - Vote by Mail                       79             68    86.08                    10      57                      15        51               12             55              17              50
9412000 0045                                  3              0     0.00                     0       0                       0         0                 0             0                0              0
9412000 - Vote by Mail                        3              1    33.33                     0       ***********
                                                                                                    1                   Insufficient
                                                                                                                            1        Turnout
                                                                                                                                      0      to Protect 0Voter     Privacy
                                                                                                                                                                      1      ********* 0              1
9415000 0046                                127              0     0.00                     0       0                       0         0                 0             0                0              0
9415000 - Vote by Mail                      127            102    80.31                    42      52                      42        52               42             55              40              61
9420001 0047                                129              0     0.00                     0       0                       0         0                 0             0                0              0
9420001 - Vote by Mail                      129            114    88.37                    39      69                      35        73               33             77              30              80
9450000 0048                                249              0     0.00                     0       0                       0         0                 0             0                0              0
9450000 - Vote by Mail                      249            218    87.55                    70     130                      74      119                62            138              60             144
9460000 0049                                 87              0     0.00                     0       0                       0         0                 0             0                0              0
9460000 - Vote by Mail                       87             70    80.46                    20      46                      33        34               22             44              15              53
9480005 0050                                 37              0     0.00                     0       0                       0         0                 0             0                0              0
9480005 - Vote by Mail                       37             33    89.19                    16      17                      16        15               15             16              15              18
9545003 0051                                  9              0     0.00                     0       0                       0         0                 0             0                0              0
9545003 - Vote by Mail                        9              8    88.89                     4       4                       6         2                 0             8                4              4
9585001 0052                                134              0     0.00                     0       0                       0         0                 0             0                0              0
9585001 - Vote by Mail                      134            101    75.37                    47      47                      44        48               51             48              45              53
9585002 0053                                 11              0     0.00                     0       0                       0         0                 0             0                0              0
9585002 - Vote by Mail                       11             11   100.00                     7       2                       6         4                 6             4                9              1
9585006 0054                                 48              0     0.00                     0       0                       0         0                 0             0                0              0
9585006 - Vote by Mail                       48             32    66.67                    18      11                      21        11               19             11                9             23


Precinct Totals                     28222               6558        23.24             2946       2921                    2730       3352                2565       3565              2468       3747


Vote by Mail Totals                 28222           15986           56.64             7414       7158                    6637       8218                6305       8730              6127       9149


Grand Totals                        28222           22544           79.88           10360       10079                    9367      11570                8870      12295              8595      12896
20th CONGRESSIONAL                  28222           22544           79.88           10360       10079                    9367      11570                8870      12295              8595      12896
12th SENATE                         28222           22544           79.88           10360       10079                    9367      11570                8870      12295              8595      12896
30th ASSEMBLY                       28222           22544           79.88           10360       10079                    9367      11570                8870      12295              8595      12896
2nd Dist, Board of Equalization     28222           22544           79.88           10360       10079                    9367      11570                8870      12295              8595      12896
1st SUPE DIST                        6025            4857           80.61            2032        2341                    1958       2536                1797       2744              1615       3000
2nd SUPE DIST                        5760            4710           81.77            2286        1993                    1879       2526                1876       2556              1950       2568
3rd SUPE DIST                        5239            4094           78.14            1973        1750                    1824       1972                1631       2220              1626       2275
4th SUPE DIST                        6707            5556           82.84            2350        2681                    2084       3053                2004       3205              1854       3451
12/02/16 12:02 AM                                                                  SAN BENITO Statement of Vote                                                   32 of 46
November 8,2016

***Grand Totals                                                                     CALIFORNIA STATE PROPOSITIONS
140030




                                                                  PROPOSITION 59




                                                                                              PROPOSITION 60




                                                                                                                       PROPOSITION 61




                                                                                                                                                PROPOSITION 62
                                     Ballots Cast
                      Registration




                                                    Turnout (%)




                                                                  YES




                                                                                              YES




                                                                                                                       YES




                                                                                                                                                YES
                                                                                   NO




                                                                                                               NO




                                                                                                                                        NO




                                                                                                                                                                 NO
5th SUPE DIST            4491           3327           74.08            1719        1314             1622       1483          1562       1570          1550       1602
SAN BENITO COUNTY       28222          22544           79.88           10360       10079             9367      11570          8870      12295          8595      12896
HOLLISTER               16574          12902           77.84            6187        5510             5818       6187          5327       6795          5119       7164
SAN JUAN BAUTISTA         999            818           81.88             450         281              337        423           342        415           394        376
UNINCORPORATED AREA     10649           8824           82.86            3723        4288             3212       4960          3201       5085          3082       5356
