12/02/16 12:02 AM                                                                     SAN BENITO Statement of Vote                                                         27 of 46
 November 8,2016

                                                                                       CALIFORNIA STATE PROPOSITIONS
140026




                                                                     PROPOSITION 55




                                                                                                 PROPOSITION 56




                                                                                                                             PROPOSITION 57




                                                                                                                                                         PROPOSITION 58
                                        Ballots Cast
                         Registration




                                                       Turnout (%)




                                                                     YES




                                                                                                 YES




                                                                                                                             YES




                                                                                                                                                         YES
                                                                                      NO




                                                                                                                  NO




                                                                                                                                              NO




                                                                                                                                                                          NO
0130001 0001                    993            264        26.59                158      92                 155         104             148          99             165          83
0130001 - Vote by Mail          993            561        56.50                330     210                 348         197             308         231             388         148
0130002 0002                   1468            434        29.56                198     210                 229         183             192         214             243         154
0130002 - Vote by Mail         1468            805        54.84                364     402                 435         341             365         399             479         285
0135109 0003                   1040            265        25.48                180      73                 161          96             157          93             203          47
0135109 - Vote by Mail         1040            519        49.90                384     118                 324         182             324         180             401          99
0135423 0004                    598            176        29.43                117      52                 106          67              93          77             129          40
0135423 - Vote by Mail          598            316        52.84                196     103                 182         119             167         127             198         101
0135425 0005                    856            229        26.75                123      90                 142          77             115         102             159          54
0135425 - Vote by Mail          856            474        55.37                281     175                 260         200             230         213             291         160
0201001 0006                    524            131        25.00                 68      56                  67          57              68          55              75          50
0201001 - Vote by Mail          524            294        56.11                156     127                 168         119             180         109             184         104
0205001 0007                    756            251        33.20                162      74                 155          86             159          78             165          68
0205001 - Vote by Mail          756            381        50.40                266     106                 264         111             244         123             266         100
0235320 0008                    389             83        21.34                 53      26                  56          25              54          23              67          10
0235320 - Vote by Mail          389            201        51.67                145      49                 127          73             124          68             152          41
0235321 0009                    550            168        30.55                113      51                 119          49              98          63             110          53
0235321 - Vote by Mail          550            289        52.55                186      95                 184          95             162         116             204          72
0235426 0010                   1107            306        27.64                199      88                 171         122             165         124             201          86
0235426 - Vote by Mail         1107            610        55.10                409     174                 359         240             364         226             433         158
0240001 0011                    947            221        23.34                112      96                 126          86             114          92             137          74
0240001 - Vote by Mail          947            557        58.82                246     284                 315         232             268         264             354         186
0265000 0012                    999            320        32.03                197     106                 188         120             192         104             223          74
0265000 - Vote by Mail          999            498        49.85                344     123                 305         176             330         139             368         106
0335111 0013                    408             86        21.08                 58      25                  46          35              51          27              52          28
0335111 - Vote by Mail          408            228        55.88                166      60                 134          91             148          73             174          46
0335213 0014                   1625            356        21.91                243     103                 212         133             221         124             262          78
0335213 - Vote by Mail         1625            825        50.77                589     206                 516         286             519         278             626         171
0335315 0015                   1121            263        23.46                177      74                 157          93             172          80             200          50
0335315 - Vote by Mail         1121            597        53.26                451     114                 382         192             395         173             468          90
0335316 0016                   2023            512        25.31                306     187                 283         213             252         241             357         128
0335316 - Vote by Mail         2023           1171        57.88                715     402                 688         446             668         458             815         310
0420002 0017                    922            222        24.08                101     108                 122          95              95         116             140          68
0420002 - Vote by Mail          922            534        57.92                270     233                 336         181             290         212             336         169
0435427 0018                    852            217        25.47                138      70                 119          93             108          95             151          52
0435427 - Vote by Mail          852            434        50.94                283     127                 230         188             251         166             276         129
0435438 0019                   1249            363        29.06                218     120                 209         138             170         163             231          96
0435438 - Vote by Mail         1249            669        53.56                397     234                 405         238             361         276             457         174
0458001 0020                    788            195        24.75                115      69                 103          86              97          87             116          69
0458001 - Vote by Mail          788            476        60.41                237     218                 275         185             240         212             305         148
0458002 0021                    918            264        28.76                133     118                 161          98             141         111             145         104
0458002 - Vote by Mail          918            524        57.08                281     229                 285         231             277         230             347         168
0470000 0022                    631            120        19.02                 48      66                  64          54              47          67              65          51
0470000 - Vote by Mail          631            389        61.65                179     195                 218         157             195         180             245         131
0475000 0023                    169             46        27.22                 20      25                  21          24              22          25              23          22
0475000 - Vote by Mail          169             89        52.66                 56      30                  44          41              53          31              68          17
0480003 0024                    467             89        19.06                 37      41                  59          24              44          36              53          29
0480003 - Vote by Mail          467            319        68.31                122     182                 171         137             162         143             193         113
0535105 0025                    474            122        25.74                 83      33                  75          43              68          47              87          32
0535105 - Vote by Mail          474            212        44.73                166      41                 130          74             151          55             168          36
0535135 0026                    466             96        20.60                 71      17                  61          28              61          27              71          17
0535135 - Vote by Mail          466              244      52.36                192      46                 175          63             172          61             191          42
0535136 0027                   1465              380      25.94                251     112                 212         156             253         114             286          73
0535136 - Vote by Mail         1465              749      51.13                528     183                 484         238             469         240             535         172
0535212 0028                   1281              273      21.31                209      54                 188          80             183          74             215          50
0535212 - Vote by Mail         1281              669      52.22                516     124                 476         176             500         142             551          95
0535228 0029                    603              106      17.58                 81      19                  66          35              63          33              76          23
0535228 - Vote by Mail          603              324      53.73                250      61                 213         101             225          83             261          48
9130003 0030                     50                0       0.00                  0       0                   0           0               0           0               0           0
9130003 - Vote by Mail           50               41      82.00                 19      18                  19          18              18          19              32           6
9130004 0031                    231                0       0.00                  0       0                   0           0               0           0               0           0
12/02/16 12:02 AM                                                                               SAN BENITO Statement of Vote                                                                 28 of 46
 November 8,2016

                                                                                                 CALIFORNIA STATE PROPOSITIONS
140026




                                                                               PROPOSITION 55




                                                                                                                  PROPOSITION 56




                                                                                                                                                 PROPOSITION 57




                                                                                                                                                                           PROPOSITION 58
                                                  Ballots Cast
                                  Registration




                                                                 Turnout (%)




                                                                               YES




                                                                                                                  YES




                                                                                                                                                 YES




                                                                                                                                                                           YES
                                                                                                NO




                                                                                                                                   NO




                                                                                                                                                                  NO




                                                                                                                                                                                            NO
9130004 - Vote by Mail                      231            179    77.49                  100       75                      92        83               92         78              104             65
9130005 0032                                180              0     0.00                    0        0                       0         0                 0         0                 0             0
9130005 - Vote by Mail                      180            139    77.22                   84       50                      72        63               73         58               98             36
9135101 0033                                  5              0     0.00                    0        0                       0         0                 0         0                 0             0
9135101 - Vote by Mail                        5              4    80.00                    4        ***********
                                                                                                    0                   Insufficient
                                                                                                                            3        Turnout
                                                                                                                                      1      to Protect 3Voter Privacy
                                                                                                                                                                  1       ********* 3             1
9135102 0034                                 14              0     0.00                    0        0                       0         0                 0         0                 0             0
9135102 - Vote by Mail                       14             12    85.71                    9        2                       6         6                 9         3               10              1
9135318 0035                                272              0     0.00                    0        0                       0         0                 0         0                 0             0
9135318 - Vote by Mail                      272            209    76.84                  127       71                     115        86              119         78              152             45
9145001 0036                                299              0     0.00                    0        0                       0         0                 0         0                 0             0
9145001 - Vote by Mail                      299            214    71.57                  116       84                     126        83              103         92              137             60
9185003 0037                                 19              0     0.00                    0        0                       0         0                 0         0                 0             0
9185003 - Vote by Mail                       19             16    84.21                    4       10                       8         6                 5         8                 9             4
9235214 0038                                132              0     0.00                    0        0                       0         0                 0         0                 0             0
9235214 - Vote by Mail                      132            105    79.55                   73       28                      58        46               65         36               79             24
9240004 0039                                 19              0     0.00                    0        0                       0         0                 0         0                 0             0
9240004 - Vote by Mail                       19             13    68.42                    6        7                       7         6                 7         6                 9             4
9280001 0040                                149              0     0.00                    0        0                       0         0                 0         0                 0             0
9280001 - Vote by Mail                      149            129    86.58                   64       63                      62        66               77         47               96             32
9280002 0041                                188              0     0.00                    0        0                       0         0                 0         0                 0             0
9280002 - Vote by Mail                      188            153    81.38                   80       67                      97        51               80         62               95             50
9335319 0042                                 44              0     0.00                    0        0                       0         0                 0         0                 0             0
9335319 - Vote by Mail                       44             40    90.91                   27       10                      26        13               31          7               27             11
9395003 0043                                 18              0     0.00                    0        0                       0         0                 0         0                 0             0
9395003 - Vote by Mail                       18             16    88.89                    9        5                       4        10                 8         6               10              3
9410000 0044                                 79              0     0.00                    0        0                       0         0                 0         0                 0             0
9410000 - Vote by Mail                       79             68    86.08                   22       46                      19        48               24         44               30             36
9412000 0045                                  3              0     0.00                    0        0                       0         0                 0         0                 0             0
9412000 - Vote by Mail                        3              1    33.33                    0        ***********
                                                                                                    1                   Insufficient
                                                                                                                            0        Turnout
                                                                                                                                      1      to Protect 0Voter Privacy
                                                                                                                                                                  1       ********* 1             0
9415000 0046                                127              0     0.00                    0        0                       0         0                 0         0                 0             0
9415000 - Vote by Mail                      127            102    80.31                   59       38                      58        44               55         44               72             27
9420001 0047                                129              0     0.00                    0        0                       0         0                 0         0                 0             0
9420001 - Vote by Mail                      129            114    88.37                   47       65                      60        53               50         60               62             48
9450000 0048                                249              0     0.00                    0        0                       0         0                 0         0                 0             0
9450000 - Vote by Mail                      249            218    87.55                   79      126                      96      112                82        120              116             82
9460000 0049                                 87              0     0.00                    0        0                       0         0                 0         0                 0             0
9460000 - Vote by Mail                       87             70    80.46                   36       31                      35        33               31         37               40             28
9480005 0050                                 37              0     0.00                    0        0                       0         0                 0         0                 0             0
9480005 - Vote by Mail                       37             33    89.19                   16       16                      21        10               15         18               19             14
9545003 0051                                  9              0     0.00                    0        0                       0         0                 0         0                 0             0
9545003 - Vote by Mail                        9              8    88.89                    4        4                       4         4                 4         4                 3             5
9585001 0052                                134              0     0.00                    0        0                       0         0                 0         0                 0             0
9585001 - Vote by Mail                      134            101    75.37                   68       31                      66        33               73         25               72             28
9585002 0053                                 11              0     0.00                    0        0                       0         0                 0         0                 0             0
9585002 - Vote by Mail                       11             11   100.00                    9        1                       7         3               10          0                 8             2
9585006 0054                                 48              0     0.00                    0        0                       0         0                 0         0                 0             0
9585006 - Vote by Mail                       48             32    66.67                   24        7                      20        12               23          8               25              6


Precinct Totals                     28222               6558        23.24             3969       2255                    3833       2500                3603       2591           4407       1763


Vote by Mail Totals                 28222           15986           56.64             9791       5507                    9514       6001                9199       6070         11043        4237


Grand Totals                        28222           22544           79.88           13760        7762                  13347        8501              12802        8661         15450        6000
20th CONGRESSIONAL                  28222           22544           79.88           13760        7762                  13347        8501              12802        8661         15450        6000
12th SENATE                         28222           22544           79.88           13760        7762                  13347        8501              12802        8661         15450        6000
30th ASSEMBLY                       28222           22544           79.88           13760        7762                  13347        8501              12802        8661         15450        6000
2nd Dist, Board of Equalization     28222           22544           79.88           13760        7762                  13347        8501              12802        8661         15450        6000
1st SUPE DIST                        6025            4857           80.61            2794        1835                   2783        1912               2521        2072          3201        1389
2nd SUPE DIST                        5760            4710           81.77            2879        1620                   2828        1760               2751        1735          3218        1292
3rd SUPE DIST                        5239            4094           78.14            2741        1186                   2448        1512               2465        1467          2991         915
4th SUPE DIST                        6707            5556           82.84            2894        2388                   3111        2271               2810        2474          3491        1775
12/02/16 12:02 AM                                                                  SAN BENITO Statement of Vote                                                   29 of 46
November 8,2016

***Grand Totals                                                                     CALIFORNIA STATE PROPOSITIONS
140026




                                                                  PROPOSITION 55




                                                                                              PROPOSITION 56




                                                                                                                       PROPOSITION 57




                                                                                                                                                PROPOSITION 58
                                     Ballots Cast
                      Registration




                                                    Turnout (%)




                                                                  YES




                                                                                              YES




                                                                                                                       YES




                                                                                                                                                YES
                                                                                   NO




                                                                                                               NO




                                                                                                                                        NO




                                                                                                                                                                 NO
5th SUPE DIST            4491           3327           74.08            2452         733            2177        1046         2255         913         2549         629
SAN BENITO COUNTY       28222          22544           79.88           13760        7762           13347        8501        12802        8661        15450        6000
HOLLISTER               16574          12902           77.84            8714        3617            7860        4637         7741        4567         9329        2943
SAN JUAN BAUTISTA         999            818           81.88             541         229             493         296          522         243          591         180
UNINCORPORATED AREA     10649           8824           82.86            4505        3916            4994        3568         4539        3851         5530        2877
