12/02/16 12:02 AM                                                                     SAN BENITO Statement of Vote                                                         33 of 46
 November 8,2016

                                                                                       CALIFORNIA STATE PROPOSITIONS
140034




                                                                     PROPOSITION 63




                                                                                                 PROPOSITION 64




                                                                                                                             PROPOSITION 65




                                                                                                                                                         PROPOSITION 66
                                        Ballots Cast
                         Registration




                                                       Turnout (%)




                                                                     YES




                                                                                                 YES




                                                                                                                             YES




                                                                                                                                                         YES
                                                                                      NO




                                                                                                                  NO




                                                                                                                                              NO




                                                                                                                                                                          NO
0130001 0001                    993            264        26.59                124     130                 139         119             128         119             132         103
0130001 - Vote by Mail          993            561        56.50                268     269                 272         270             227         294             283         226
0130002 0002                   1468            434        29.56                164     251                 194         228             158         238             188         194
0130002 - Vote by Mail         1468            805        54.84                288     481                 396         378             294         464             352         381
0135109 0003                   1040            265        25.48                155     104                 155         106             116         129             123         112
0135109 - Vote by Mail         1040            519        49.90                305     198                 291         220             261         237             235         251
0135423 0004                    598            176        29.43                 81      91                  93          80              70          98              80          87
0135423 - Vote by Mail          598            316        52.84                147     151                 186         120             134         158             141         144
0135425 0005                    856            229        26.75                 99     118                 116         105              87         119             107          97
0135425 - Vote by Mail          856            474        55.37                210     250                 228         234             219         231             248         190
0201001 0006                    524            131        25.00                 46      81                  75          54              54          72              57          65
0201001 - Vote by Mail          524            294        56.11                133     155                 182         105             125         157             132         134
0205001 0007                    756            251        33.20                149      92                 142         100             118         116              96         131
0205001 - Vote by Mail          756            381        50.40                216     152                 273          95             166         200             150         201
0235320 0008                    389             83        21.34                 50      30                  50          31              47          34              38          38
0235320 - Vote by Mail          389            201        51.67                109      84                 111          90              94          96              89          98
0235321 0009                    550            168        30.55                 92      74                  96          70              83          78              81          77
0235321 - Vote by Mail          550            289        52.55                150     131                 130         153             132         145             144         122
0235426 0010                   1107            306        27.64                161     126                 158         134             134         146             151         120
0235426 - Vote by Mail         1107            610        55.10                309     282                 322         279             300         290             295         269
0240001 0011                    947            221        23.34                 93     121                 109         106              90         117              86         111
0240001 - Vote by Mail          947            557        58.82                223     314                 255         286             223         308             259         250
0265000 0012                    999            320        32.03                188     122                 205         109             143         159             121         163
0265000 - Vote by Mail          999            498        49.85                304     171                 327         158             235         235             235         213
0335111 0013                    408             86        21.08                 39      43                  46          35              36          44              37          40
0335111 - Vote by Mail          408            228        55.88                140      83                 148          77             101         112             105         108
0335213 0014                   1625            356        21.91                191     147                 188         151             162         173             170         151
0335213 - Vote by Mail         1625            825        50.77                478     313                 498         301             393         392             365         389
0335315 0015                   1121            263        23.46                154      98                 159          93             123         119             125         116
0335315 - Vote by Mail         1121            597        53.26                362     200                 323         250             294         249             268         270
0335316 0016                   2023            512        25.31                248     245                 272         227             219         261             242         223
0335316 - Vote by Mail         2023           1171        57.88                608     518                 555         576             528         578             586         488
0420002 0017                    922            222        24.08                 78     137                 108         107              89         118             108          91
0420002 - Vote by Mail          922            534        57.92                227     278                 264         247             231         260             262         205
0435427 0018                    852            217        25.47                114      98                  99         116              94         115             119          80
0435427 - Vote by Mail          852            434        50.94                211     200                 222         192             177         224             182         213
0435438 0019                   1249            363        29.06                175     163                 187         158             169         156             190         127
0435438 - Vote by Mail         1249            669        53.56                326     314                 371         282             303         328             349         269
0458001 0020                    788            195        24.75                 97      91                  97          94              69         112              88          87
0458001 - Vote by Mail          788            476        60.41                216     238                 195         266             207         239             237         193
0458002 0021                    918            264        28.76                132     125                 129         129              95         156             115         131
0458002 - Vote by Mail          918            524        57.08                249     266                 258         256             197         311             248         246
0470000 0022                    631            120        19.02                 39      77                  64          52              44          70              67          43
0470000 - Vote by Mail          631            389        61.65                153     221                 199         182             137         230             212         152
0475000 0023                    169             46        27.22                 12      32                  18          29               9          35              20          19
0475000 - Vote by Mail          169             89        52.66                 31      55                  52          32              41          42              39          40
0480003 0024                    467             89        19.06                 36      48                  34          49              26          56              42          34
0480003 - Vote by Mail          467            319        68.31                134     180                 137         178             112         192             154         143
0535105 0025                    474            122        25.74                 74      43                  61          55              60          55              48          58
0535105 - Vote by Mail          474            212        44.73                143      57                 131          69             116          81             106          90
0535135 0026                    466             96        20.60                 58      30                  51          37              52          33              44          39
0535135 - Vote by Mail          466              244      52.36                170      65                 125         111             125         101              87         139
0535136 0027                   1465              380      25.94                251     111                 220         142             185         166             184         155
0535136 - Vote by Mail         1465              749      51.13                451     270                 441         282             399         304             346         320
0535212 0028                   1281              273      21.31                184      77                 165          97             144         113             117         129
0535212 - Vote by Mail         1281              669      52.22                472     176                 423         225             384         241             258         355
0535228 0029                    603              106      17.58                 66      28                  49          46              57          39              45          46
0535228 - Vote by Mail          603              324      53.73                219      87                 198         111             184         119             148         155
9130003 0030                     50                0       0.00                  0       0                   0           0               0           0               0           0
9130003 - Vote by Mail           50               41      82.00                 13      24                  22          18              13          24              16          18
9130004 0031                    231                0       0.00                  0       0                   0           0               0           0               0           0
12/02/16 12:02 AM                                                                               SAN BENITO Statement of Vote                                                                    34 of 46
 November 8,2016

                                                                                                 CALIFORNIA STATE PROPOSITIONS
140034




                                                                               PROPOSITION 63




                                                                                                                  PROPOSITION 64




                                                                                                                                                 PROPOSITION 65




                                                                                                                                                                              PROPOSITION 66
                                                  Ballots Cast
                                  Registration




                                                                 Turnout (%)




                                                                               YES




                                                                                                                  YES




                                                                                                                                                 YES




                                                                                                                                                                              YES
                                                                                                NO




                                                                                                                                   NO




                                                                                                                                                                  NO




                                                                                                                                                                                               NO
9130004 - Vote by Mail                      231            179    77.49                    75     100                     104        72               74             98              96              71
9130005 0032                                180              0     0.00                     0       0                       0         0                 0             0                0              0
9130005 - Vote by Mail                      180            139    77.22                    58      75                      73        59               66             68              66              62
9135101 0033                                  5              0     0.00                     0       0                       0         0                 0             0                0              0
9135101 - Vote by Mail                        5              4    80.00                     3       ***********
                                                                                                    1                   Insufficient
                                                                                                                            2        Turnout
                                                                                                                                      2      to Protect 4Voter     Privacy
                                                                                                                                                                      0      ********* 3              1
9135102 0034                                 14              0     0.00                     0       0                       0         0                 0             0                0              0
9135102 - Vote by Mail                       14             12    85.71                    10       2                      10         2                 6             6                4              8
9135318 0035                                272              0     0.00                     0       0                       0         0                 0             0                0              0
9135318 - Vote by Mail                      272            209    76.84                    99     104                     132        69               94            107              82             106
9145001 0036                                299              0     0.00                     0       0                       0         0                 0             0                0              0
9145001 - Vote by Mail                      299            214    71.57                    85     114                     113        90               91             99             118              58
9185003 0037                                 19              0     0.00                     0       0                       0         0                 0             0                0              0
9185003 - Vote by Mail                       19             16    84.21                     5       9                       5         9                 7             7                9              4
9235214 0038                                132              0     0.00                     0       0                       0         0                 0             0                0              0
9235214 - Vote by Mail                      132            105    79.55                    47      54                      67        33               47             50              61              34
9240004 0039                                 19              0     0.00                     0       0                       0         0                 0             0                0              0
9240004 - Vote by Mail                       19             13    68.42                     8       5                       7         6                 3            10                6              7
9280001 0040                                149              0     0.00                     0       0                       0         0                 0             0                0              0
9280001 - Vote by Mail                      149            129    86.58                    54      75                      84        45               52             74              55              66
9280002 0041                                188              0     0.00                     0       0                       0         0                 0             0                0              0
9280002 - Vote by Mail                      188            153    81.38                    63      81                      88        61               65             78              56              83
9335319 0042                                 44              0     0.00                     0       0                       0         0                 0             0                0              0
9335319 - Vote by Mail                       44             40    90.91                    26      13                      26        13               19             16              10              27
9395003 0043                                 18              0     0.00                     0       0                       0         0                 0             0                0              0
9395003 - Vote by Mail                       18             16    88.89                     7       9                      10         5                 8             8                7              9
9410000 0044                                 79              0     0.00                     0       0                       0         0                 0             0                0              0
9410000 - Vote by Mail                       79             68    86.08                     9      59                      37        30               16             50              34              31
9412000 0045                                  3              0     0.00                     0       0                       0         0                 0             0                0              0
9412000 - Vote by Mail                        3              1    33.33                     0       ***********
                                                                                                    1                   Insufficient
                                                                                                                            0        Turnout
                                                                                                                                      1      to Protect 0Voter     Privacy
                                                                                                                                                                      1      ********* 0              1
9415000 0046                                127              0     0.00                     0       0                       0         0                 0             0                0              0
9415000 - Vote by Mail                      127            102    80.31                    38      61                      62        39               39             59              53              41
9420001 0047                                129              0     0.00                     0       0                       0         0                 0             0                0              0
9420001 - Vote by Mail                      129            114    88.37                    40      71                      53        59               44             66              44              63
9450000 0048                                249              0     0.00                     0       0                       0         0                 0             0                0              0
9450000 - Vote by Mail                      249            218    87.55                    44     165                      92      118                50            155              87             102
9460000 0049                                 87              0     0.00                     0       0                       0         0                 0             0                0              0
9460000 - Vote by Mail                       87             70    80.46                    15      53                      26        42               22             46              32              35
9480005 0050                                 37              0     0.00                     0       0                       0         0                 0             0                0              0
9480005 - Vote by Mail                       37             33    89.19                    19      14                      21        12                 9            23              17              15
9545003 0051                                  9              0     0.00                     0       0                       0         0                 0             0                0              0
9545003 - Vote by Mail                        9              8    88.89                     5       2                       2         5                 1             6                2              5
9585001 0052                                134              0     0.00                     0       0                       0         0                 0             0                0              0
9585001 - Vote by Mail                      134            101    75.37                    60      39                      60        39               54             45              37              57
9585002 0053                                 11              0     0.00                     0       0                       0         0                 0             0                0              0
9585002 - Vote by Mail                       11             11   100.00                     7       3                       7         3                 8             3                1              9
9585006 0054                                 48              0     0.00                     0       0                       0         0                 0             0                0              0
9585006 - Vote by Mail                       48             32    66.67                    21      10                      18        13               13             18              16              13


Precinct Totals                     28222               6558        23.24             3350       2933                    3479       2859                2861       3246              3021       2867


Vote by Mail Totals                 28222           15986           56.64             8063       7303                    8634       6870                7144       7935              7427       7180


Grand Totals                        28222           22544           79.88           11413       10236                  12113        9729              10005       11181            10448       10047
20th CONGRESSIONAL                  28222           22544           79.88           11413       10236                  12113        9729              10005       11181            10448       10047
12th SENATE                         28222           22544           79.88           11413       10236                  12113        9729              10005       11181            10448       10047
30th ASSEMBLY                       28222           22544           79.88           11413       10236                  12113        9729              10005       11181            10448       10047
2nd Dist, Board of Equalization     28222           22544           79.88           11413       10236                  12113        9729              10005       11181            10448       10047
1st SUPE DIST                        6025            4857           80.61            2189        2472                   2531        2181               2049        2496             2283        2113
2nd SUPE DIST                        5760            4710           81.77            2395        2150                   2681        1915               2111        2365             2112        2182
3rd SUPE DIST                        5239            4094           78.14            2253        1669                   2225        1728               1883        1952             1915        1821
4th SUPE DIST                        6707            5556           82.84            2395        2947                   2725        2670               2180        3044             2699        2361
12/02/16 12:02 AM                                                                  SAN BENITO Statement of Vote                                                   35 of 46
November 8,2016

***Grand Totals                                                                     CALIFORNIA STATE PROPOSITIONS
140034




                                                                  PROPOSITION 63




                                                                                              PROPOSITION 64




                                                                                                                       PROPOSITION 65




                                                                                                                                                PROPOSITION 66
                                     Ballots Cast
                      Registration




                                                    Turnout (%)




                                                                  YES




                                                                                              YES




                                                                                                                       YES




                                                                                                                                                YES
                                                                                   NO




                                                                                                               NO




                                                                                                                                        NO




                                                                                                                                                                 NO
5th SUPE DIST            4491           3327           74.08            2181         998            1951        1235         1782        1324         1439        1570
SAN BENITO COUNTY       28222          22544           79.88           11413       10236           12113        9729        10005       11181        10448       10047
HOLLISTER               16574          12902           77.84            7187        5179            7105        5374         6152        5943         6013        5741
SAN JUAN BAUTISTA         999            818           81.88             492         293             532         267          378         394          356         376
UNINCORPORATED AREA     10649           8824           82.86            3734        4764            4476        4088         3475        4844         4079        3930
