12/02/16 12:01 AM                                                                     SAN BENITO Statement of Vote                                                         24 of 46
 November 8,2016

                                                                                       CALIFORNIA STATE PROPOSITIONS
140022




                                                                     PROPOSITION 51




                                                                                                 PROPOSITION 52




                                                                                                                             PROPOSITION 53




                                                                                                                                                         PROPOSITION 54
                                        Ballots Cast
                         Registration




                                                       Turnout (%)




                                                                     YES




                                                                                                 YES




                                                                                                                             YES




                                                                                                                                                         YES
                                                                                      NO




                                                                                                                  NO




                                                                                                                                              NO




                                                                                                                                                                          NO
0130001 0001                    993            264        26.59                127     119                 158          78             112         122             139          92
0130001 - Vote by Mail          993            561        56.50                276     262                 342         185             288         238             335         188
0130002 0002                   1468            434        29.56                169     243                 192         203             181         211             227         154
0130002 - Vote by Mail         1468            805        54.84                278     473                 415         333             377         357             460         273
0135109 0003                   1040            265        25.48                161      83                 180          71             121         120             164          79
0135109 - Vote by Mail         1040            519        49.90                314     171                 352         144             266         221             297         190
0135423 0004                    598            176        29.43                 88      76                 102          65              84          83              93          73
0135423 - Vote by Mail          598            316        52.84                137     150                 181         112             137         155             164         129
0135425 0005                    856            229        26.75                129      82                 121          89              94         112             121          86
0135425 - Vote by Mail          856            474        55.37                223     227                 270         175             248         193             296         140
0201001 0006                    524            131        25.00                 51      75                  76          48              55          71              82          43
0201001 - Vote by Mail          524            294        56.11                121     158                 169         109             139         140             169         104
0205001 0007                    756            251        33.20                122     106                 158          68              94         135             119         104
0205001 - Vote by Mail          756            381        50.40                196     158                 245         119             140         211             216         145
0235320 0008                    389             83        21.34                 50      26                  51          26              36          40              47          29
0235320 - Vote by Mail          389            201        51.67                114      75                 128          60              98          83             107          75
0235321 0009                    550            168        30.55                107      52                  95          62              90          66             101          56
0235321 - Vote by Mail          550            289        52.55                165     107                 157         116             150         117             164         103
0235426 0010                   1107            306        27.64                164     117                 190          93             138         139             183          97
0235426 - Vote by Mail         1107            610        55.10                315     257                 399         178             254         307             320         247
0240001 0011                    947            221        23.34                100     110                 115          98             102         105             113          90
0240001 - Vote by Mail          947            557        58.82                200     333                 292         234             289         228             339         177
0265000 0012                    999            320        32.03                168     132                 198          95             134         156             167         128
0265000 - Vote by Mail          999            498        49.85                255     207                 326         139             225         230             262         189
0335111 0013                    408             86        21.08                 52      30                  63          20              38          45              54          29
0335111 - Vote by Mail          408            228        55.88                131      87                 165          53              89         129             129          89
0335213 0014                   1625            356        21.91                213     116                 227         104             166         152             203         115
0335213 - Vote by Mail         1625            825        50.77                488     298                 563         226             407         375             441         331
0335315 0015                   1121            263        23.46                173      71                 170          73             117         122             148          91
0335315 - Vote by Mail         1121            597        53.26                384     172                 419         140             277         269             316         220
0335316 0016                   2023            512        25.31                275     212                 295         180             207         266             288         181
0335316 - Vote by Mail         2023           1171        57.88                557     550                 697         399             559         526             643         442
0420002 0017                    922            222        24.08                 88     122                 109          96              90         115             120          84
0420002 - Vote by Mail          922            534        57.92                204     289                 253         238             243         236             295         182
0435427 0018                    852            217        25.47                128      67                 143          59              97         102             121          79
0435427 - Vote by Mail          852            434        50.94                234     175                 287         122             195         206             241         163
0435438 0019                   1249            363        29.06                187     133                 202         125             153         171             201         121
0435438 - Vote by Mail         1249            669        53.56                325     292                 408         217             317         294             372         237
0458001 0020                    788            195        24.75                 76     106                 112          72              85          98             110          67
0458001 - Vote by Mail          788            476        60.41                184     265                 252         186             248         195             268         163
0458002 0021                    918            264        28.76                130     125                 135         114              99         150             131         114
0458002 - Vote by Mail          918            524        57.08                197     306                 293         205             248         251             273         223
0470000 0022                    631            120        19.02                 41      73                  56          55              63          48              71          42
0470000 - Vote by Mail          631            389        61.65                144     234                 207         167             199         169             236         137
0475000 0023                    169             46        27.22                 15      24                  14          25              13          24              18          21
0475000 - Vote by Mail          169             89        52.66                 34      49                  45          37              38          44              58          26
0480003 0024                    467             89        19.06                 39      44                  40          40              47          31              44          35
0480003 - Vote by Mail          467            319        68.31                 99     207                 139         163             152         148             182         120
0535105 0025                    474            122        25.74                 83      31                  90          24              50          59              74          36
0535105 - Vote by Mail          474            212        44.73                145      56                 161          43             108          89             117          80
0535135 0026                    466             96        20.60                 68      23                  62          27              55          35              57          31
0535135 - Vote by Mail          466              244      52.36                166      66                 176          56             101         125             122         106
0535136 0027                   1465              380      25.94                242     113                 255          97             163         184             227         113
0535136 - Vote by Mail         1465              749      51.13                438     260                 517         185             328         355             419         265
0535212 0028                   1281              273      21.31                200      57                 203          54             125         129             159          95
0535212 - Vote by Mail         1281              669      52.22                479     161                 513         117             284         334             336         279
0535228 0029                    603              106      17.58                 75      24                  72          22              60          34              68          27
0535228 - Vote by Mail          603              324      53.73                225      85                 230          72             159         140             157         142
9130003 0030                     50                0       0.00                  0       0                   0           0               0           0               0           0
9130003 - Vote by Mail           50               41      82.00                 15      23                  20          16              15          22              19          17
9130004 0031                    231                0       0.00                  0       0                   0           0               0           0               0           0
12/02/16 12:01 AM                                                                               SAN BENITO Statement of Vote                                                                    25 of 46
 November 8,2016

                                                                                                 CALIFORNIA STATE PROPOSITIONS
140022




                                                                               PROPOSITION 51




                                                                                                                  PROPOSITION 52




                                                                                                                                                 PROPOSITION 53




                                                                                                                                                                              PROPOSITION 54
                                                  Ballots Cast
                                  Registration




                                                                 Turnout (%)




                                                                               YES




                                                                                                                  YES




                                                                                                                                                 YES




                                                                                                                                                                              YES
                                                                                                NO




                                                                                                                                   NO




                                                                                                                                                                  NO




                                                                                                                                                                                               NO
9130004 - Vote by Mail                      231            179    77.49                    75      99                      96        74              104             63             112             59
9130005 0032                                180              0     0.00                     0       0                       0         0                 0             0                0             0
9130005 - Vote by Mail                      180            139    77.22                    64      65                      87        43               66             60              66             59
9135101 0033                                  5              0     0.00                     0       0                       0         0                 0             0                0             0
9135101 - Vote by Mail                        5              4    80.00                     4       ***********
                                                                                                    0                   Insufficient
                                                                                                                            4        Turnout
                                                                                                                                      0      to Protect 3Voter     Privacy
                                                                                                                                                                      1      ********* 0             4
9135102 0034                                 14              0     0.00                     0       0                       0         0                 0             0                0             0
9135102 - Vote by Mail                       14             12    85.71                     5       6                       8         4                 4             7                4             7
9135318 0035                                272              0     0.00                     0       0                       0         0                 0             0                0             0
9135318 - Vote by Mail                      272            209    76.84                    85     101                     123        69               91            100             108             83
9145001 0036                                299              0     0.00                     0       0                       0         0                 0             0                0             0
9145001 - Vote by Mail                      299            214    71.57                    90     108                     128        70               99             96             118             78
9185003 0037                                 19              0     0.00                     0       0                       0         0                 0             0                0             0
9185003 - Vote by Mail                       19             16    84.21                     3      11                       6         8               10              5                7             5
9235214 0038                                132              0     0.00                     0       0                       0         0                 0             0                0             0
9235214 - Vote by Mail                      132            105    79.55                    54      45                      72        29               53             50              63             35
9240004 0039                                 19              0     0.00                     0       0                       0         0                 0             0                0             0
9240004 - Vote by Mail                       19             13    68.42                     5       8                       9         4                 9             4                8             4
9280001 0040                                149              0     0.00                     0       0                       0         0                 0             0                0             0
9280001 - Vote by Mail                      149            129    86.58                    53      68                      79        43               60             62              65             57
9280002 0041                                188              0     0.00                     0       0                       0         0                 0             0                0             0
9280002 - Vote by Mail                      188            153    81.38                    68      80                      88        55               75             65              83             52
9335319 0042                                 44              0     0.00                     0       0                       0         0                 0             0                0             0
9335319 - Vote by Mail                       44             40    90.91                    28      10                      28        10               16             22              20             18
9395003 0043                                 18              0     0.00                     0       0                       0         0                 0             0                0             0
9395003 - Vote by Mail                       18             16    88.89                     9       6                      10         3                 6             6                4             7
9410000 0044                                 79              0     0.00                     0       0                       0         0                 0             0                0             0
9410000 - Vote by Mail                       79             68    86.08                    18      50                      30        38               33             35              37             30
9412000 0045                                  3              0     0.00                     0       0                       0         0                 0             0                0             0
9412000 - Vote by Mail                        3              1    33.33                     0       ***********
                                                                                                    1                   Insufficient
                                                                                                                            0        Turnout
                                                                                                                                      1      to Protect 0Voter     Privacy
                                                                                                                                                                      1      ********* 1             0
9415000 0046                                127              0     0.00                     0       0                       0         0                 0             0                0             0
9415000 - Vote by Mail                      127            102    80.31                    42      57                      60        36               46             51              67             30
9420001 0047                                129              0     0.00                     0       0                       0         0                 0             0                0             0
9420001 - Vote by Mail                      129            114    88.37                    42      71                      64        48               51             59              69             40
9450000 0048                                249              0     0.00                     0       0                       0         0                 0             0                0             0
9450000 - Vote by Mail                      249            218    87.55                    60     140                      97      102                87            114             130             70
9460000 0049                                 87              0     0.00                     0       0                       0         0                 0             0                0             0
9460000 - Vote by Mail                       87             70    80.46                    16      52                      42        25               32             34              37             29
9480005 0050                                 37              0     0.00                     0       0                       0         0                 0             0                0             0
9480005 - Vote by Mail                       37             33    89.19                    16      16                      21        11               20             11              23              9
9545003 0051                                  9              0     0.00                     0       0                       0         0                 0             0                0             0
9545003 - Vote by Mail                        9              8    88.89                     5       3                       3         5                 2             6                2             6
9585001 0052                                134              0     0.00                     0       0                       0         0                 0             0                0             0
9585001 - Vote by Mail                      134            101    75.37                    57      39                      66        33               55             45              51             45
9585002 0053                                 11              0     0.00                     0       0                       0         0                 0             0                0             0
9585002 - Vote by Mail                       11             11   100.00                     5       6                      10         1                 5             5                4             6
9585006 0054                                 48              0     0.00                     0       0                       0         0                 0             0                0             0
9585006 - Vote by Mail                       48             32    66.67                    17      13                      22        10               16             15              15             15


Precinct Totals                     28222               6558        23.24             3521       2592                    3884       2183                2869       3125              3650       2312


Vote by Mail Totals                 28222           15986           56.64             7864       7208                    9774       5268                7521       7304              8847       5930


Grand Totals                        28222           22544           79.88           11385        9800                  13658        7451              10390       10429            12497        8242
20th CONGRESSIONAL                  28222           22544           79.88           11385        9800                  13658        7451              10390       10429            12497        8242
12th SENATE                         28222           22544           79.88           11385        9800                  13658        7451              10390       10429            12497        8242
30th ASSEMBLY                       28222           22544           79.88           11385        9800                  13658        7451              10390       10429            12497        8242
2nd Dist, Board of Equalization     28222           22544           79.88           11385        9800                  13658        7451              10390       10429            12497        8242
1st SUPE DIST                        6025            4857           80.61            2243        2299                   2785        1739               2300        2166             2730        1716
2nd SUPE DIST                        5760            4710           81.77            2308        2114                   2847        1576               2141        2209             2608        1735
3rd SUPE DIST                        5239            4094           78.14            2310        1552                   2637        1208               1882        1912             2246        1523
4th SUPE DIST                        6707            5556           82.84            2319        2898                   3009        2182               2556        2587             3105        2022
12/02/16 12:01 AM                                                                  SAN BENITO Statement of Vote                                                   26 of 46
November 8,2016

***Grand Totals                                                                     CALIFORNIA STATE PROPOSITIONS
140022




                                                                  PROPOSITION 51




                                                                                              PROPOSITION 52




                                                                                                                       PROPOSITION 53




                                                                                                                                                PROPOSITION 54
                                     Ballots Cast
                      Registration




                                                    Turnout (%)




                                                                  YES




                                                                                              YES




                                                                                                                       YES




                                                                                                                                                YES
                                                                                   NO




                                                                                                               NO




                                                                                                                                        NO




                                                                                                                                                                 NO
5th SUPE DIST            4491           3327           74.08            2205         937            2380         746         1511        1555         1808        1246
SAN BENITO COUNTY       28222          22544           79.88           11385        9800           13658        7451        10390       10429        12497        8242
HOLLISTER               16574          12902           77.84            7411        4664            8379        3718         5938        5957         7145        4723
SAN JUAN BAUTISTA         999            818           81.88             423         339             524         234          359         386          429         317
UNINCORPORATED AREA     10649           8824           82.86            3551        4797            4755        3499         4093        4086         4923        3202
