12/02/16 12:02 AM                                                                           SAN BENITO Statement of Vote     36 of 46
 November 8,2016

                                                                                             CALIFORNIA STATE PROPOSITIONS
140038




                                                                     PROPOSITION 67
                                        Ballots Cast
                         Registration




                                                       Turnout (%)




                                                                                      YES


                                                                                             NO
0130001 0001                    993            264        26.59                       129    118
0130001 - Vote by Mail          993            561        56.50                       263    267
0130002 0002                   1468            434        29.56                       172    229
0130002 - Vote by Mail         1468            805        54.84                       307    457
0135109 0003                   1040            265        25.48                       136    113
0135109 - Vote by Mail         1040            519        49.90                       277    220
0135423 0004                    598            176        29.43                        71     98
0135423 - Vote by Mail          598            316        52.84                       140    157
0135425 0005                    856            229        26.75                        98    113
0135425 - Vote by Mail          856            474        55.37                       221    232
0201001 0006                    524            131        25.00                        53     73
0201001 - Vote by Mail          524            294        56.11                       149    137
0205001 0007                    756            251        33.20                       162     71
0205001 - Vote by Mail          756            381        50.40                       258    113
0235320 0008                    389             83        21.34                        47     32
0235320 - Vote by Mail          389            201        51.67                       106     91
0235321 0009                    550            168        30.55                        78     83
0235321 - Vote by Mail          550            289        52.55                       126    155
0235426 0010                   1107            306        27.64                       145    138
0235426 - Vote by Mail         1107            610        55.10                       325    261
0240001 0011                    947            221        23.34                        91    118
0240001 - Vote by Mail          947            557        58.82                       235    299
0265000 0012                    999            320        32.03                       193    116
0265000 - Vote by Mail          999            498        49.85                       288    188
0335111 0013                    408             86        21.08                        39     42
0335111 - Vote by Mail          408            228        55.88                       118    103
0335213 0014                   1625            356        21.91                       175    159
0335213 - Vote by Mail         1625            825        50.77                       436    358
0335315 0015                   1121            263        23.46                       140    109
0335315 - Vote by Mail         1121            597        53.26                       300    256
0335316 0016                   2023            512        25.31                       231    256
0335316 - Vote by Mail         2023           1171        57.88                       533    583
0420002 0017                    922            222        24.08                        75    133
0420002 - Vote by Mail          922            534        57.92                       245    255
0435427 0018                    852            217        25.47                        88    116
0435427 - Vote by Mail          852            434        50.94                       193    213
0435438 0019                   1249            363        29.06                       161    172
0435438 - Vote by Mail         1249            669        53.56                       292    338
0458001 0020                    788            195        24.75                        75    108
0458001 - Vote by Mail          788            476        60.41                       186    265
0458002 0021                    918            264        28.76                       131    120
0458002 - Vote by Mail          918            524        57.08                       247    266
0470000 0022                    631            120        19.02                        55     58
0470000 - Vote by Mail          631            389        61.65                       161    210
0475000 0023                    169             46        27.22                        20     25
0475000 - Vote by Mail          169             89        52.66                        47     35
0480003 0024                    467             89        19.06                        39     43
0480003 - Vote by Mail          467            319        68.31                       125    185
0535105 0025                    474            122        25.74                        60     55
0535105 - Vote by Mail          474            212        44.73                       100    101
0535135 0026                    466             96        20.60                        43     42
0535135 - Vote by Mail          466              244      52.36                       141     91
0535136 0027                   1465              380      25.94                       192    165
0535136 - Vote by Mail         1465              749      51.13                       396    309
0535212 0028                   1281              273      21.31                       157    102
0535212 - Vote by Mail         1281              669      52.22                       415    227
0535228 0029                    603              106      17.58                        61     34
0535228 - Vote by Mail          603              324      53.73                       190    116
9130003 0030                     50                0       0.00                         0      0
9130003 - Vote by Mail           50               41      82.00                        13     22
9130004 0031                    231                0       0.00                         0      0
12/02/16 12:02 AM                                                                                       SAN BENITO Statement of Vote                                                  37 of 46
 November 8,2016

                                                                                                         CALIFORNIA STATE PROPOSITIONS
140038




                                                                               PROPOSITION 67
                                                  Ballots Cast
                                  Registration




                                                                 Turnout (%)




                                                                                                  YES


                                                                                                          NO
9130004 - Vote by Mail                      231            179    77.49                            75      99
9130005 0032                                180              0     0.00                             0       0
9130005 - Vote by Mail                      180            139    77.22                            65      67
9135101 0033                                  5              0     0.00                             0       0
9135101 - Vote by Mail                        5              4    80.00                             2       ***********
                                                                                                            2             Insufficient Turnout to Protect Voter Privacy   *********
9135102 0034                                 14              0     0.00                             0       0
9135102 - Vote by Mail                       14             12    85.71                             2      10
9135318 0035                                272              0     0.00                             0       0
9135318 - Vote by Mail                      272            209    76.84                           103      98
9145001 0036                                299              0     0.00                             0       0
9145001 - Vote by Mail                      299            214    71.57                            92     106
9185003 0037                                 19              0     0.00                             0       0
9185003 - Vote by Mail                       19             16    84.21                             7       6
9235214 0038                                132              0     0.00                             0       0
9235214 - Vote by Mail                      132            105    79.55                            45      56
9240004 0039                                 19              0     0.00                             0       0
9240004 - Vote by Mail                       19             13    68.42                             5       8
9280001 0040                                149              0     0.00                             0       0
9280001 - Vote by Mail                      149            129    86.58                            65      63
9280002 0041                                188              0     0.00                             0       0
9280002 - Vote by Mail                      188            153    81.38                            70      75
9335319 0042                                 44              0     0.00                             0       0
9335319 - Vote by Mail                       44             40    90.91                            22      17
9395003 0043                                 18              0     0.00                             0       0
9395003 - Vote by Mail                       18             16    88.89                             3      13
9410000 0044                                 79              0     0.00                             0       0
9410000 - Vote by Mail                       79             68    86.08                            20      45
9412000 0045                                  3              0     0.00                             0       0
9412000 - Vote by Mail                        3              1    33.33                             0       ***********
                                                                                                            1             Insufficient Turnout to Protect Voter Privacy   *********
9415000 0046                                127              0     0.00                             0       0
9415000 - Vote by Mail                      127            102    80.31                            39      59
9420001 0047                                129              0     0.00                             0       0
9420001 - Vote by Mail                      129            114    88.37                            46      61
9450000 0048                                249              0     0.00                             0       0
9450000 - Vote by Mail                      249            218    87.55                            72     135
9460000 0049                                 87              0     0.00                             0       0
9460000 - Vote by Mail                       87             70    80.46                            27      41
9480005 0050                                 37              0     0.00                             0       0
9480005 - Vote by Mail                       37             33    89.19                            14      18
9545003 0051                                  9              0     0.00                             0       0
9545003 - Vote by Mail                        9              8    88.89                             3       4
9585001 0052                                134              0     0.00                             0       0
9585001 - Vote by Mail                      134            101    75.37                            54      43
9585002 0053                                 11              0     0.00                             0       0
9585002 - Vote by Mail                       11             11   100.00                             7       3
9585006 0054                                 48              0     0.00                             0       0
9585006 - Vote by Mail                       48             32    66.67                            15      16


Precinct Totals                     28222               6558        23.24                        3117    3041


Vote by Mail Totals                 28222           15986           56.64                        7686    7556


Grand Totals                        28222           22544           79.88                       10803   10597
20th CONGRESSIONAL                  28222           22544           79.88                       10803   10597
12th SENATE                         28222           22544           79.88                       10803   10597
30th ASSEMBLY                       28222           22544           79.88                       10803   10597
2nd Dist, Board of Equalization     28222           22544           79.88                       10803   10597
1st SUPE DIST                        6025            4857           80.61                        2173    2414
2nd SUPE DIST                        5760            4710           81.77                        2441    2077
3rd SUPE DIST                        5239            4094           78.14                        1997    1896
4th SUPE DIST                        6707            5556           82.84                        2358    2902
12/02/16 12:02 AM                                                                          SAN BENITO Statement of Vote     38 of 46
November 8,2016

***Grand Totals                                                                             CALIFORNIA STATE PROPOSITIONS
140038




                                                                  PROPOSITION 67
                                     Ballots Cast
                      Registration




                                                    Turnout (%)




                                                                                    YES


                                                                                            NO
5th SUPE DIST            4491           3327           74.08                        1834    1308
SAN BENITO COUNTY       28222          22544           79.88                       10803   10597
HOLLISTER               16574          12902           77.84                        6405    5823
SAN JUAN BAUTISTA         999            818           81.88                         481     304
UNINCORPORATED AREA     10649           8824           82.86                        3917    4470
