12/02/16 4:09 PM                                                   COUNTY OF MONTEREY Statement of Vote                                                         69 of 133
November 8,2016                                                      PRESIDENTIAL GENERAL ELECTION

                                                                                       CALIFORNIA




                                                               PROPOSITION 59




                                                                                       PROPOSITION 60




                                                                                                                   PROPOSITION 61




                                                                                                                                               PROPOSITION 62
                                  Ballots Cast
                   Registration




                                                 Turnout (%)




                                                               YES




                                                                                       YES




                                                                                                                   YES




                                                                                                                                               YES
                                                                                NO




                                                                                                        NO




                                                                                                                                    NO




                                                                                                                                                                NO
1001 1001                1305            258        19.77                134     103             166          80             141         103             144         104
1001 - VBM               1305            485        37.16                305     152             261         199             275         178             270         191
1002 1002                1533            257        16.76                135     102             141         103             135         101             139         103
1002 - VBM               1533            649        42.34                373     247             351         277             327         290             343         287
1003 1003                 966            154        15.94                 80      61             102          43              78          67              69          77
1003 - VBM                966            458        47.41                270     172             244         202             261         186             272         178
1004 1004                 767            144        18.77                 83      51              78          56              81          55              67          68
1004 - VBM                767            303        39.50                176     112             180         110             152         141             156         131
1005 1005                 836            132        15.79                 64      64              75          55              70          58              69          61
1005 - VBM                836            355        42.46                206     128             188         143             186         150             185         150
1006 1006                1568            176        11.22                102      60              96          71              86          80             104          65
1006 - VBM               1568            660        42.09                387     246             348         284             358         273             369         269
1007 1007                1058            177        16.73                 95      72              89          84              93          75              91          77
1007 - VBM               1058            482        45.56                296     149             223         227             239         207             264         196
1008 1008                1305            216        16.55                107      93             115          92             115          88             107          99
1008 - VBM               1305            567        43.45                313     224             309         240             288         258             282         267
1009 1009                2197            436        19.85                204     185             211         191             202         202             227         185
1009 - VBM               2197            986        44.88                520     416             496         457             458         489             485         475
1010 1010                 970            173        17.84                 95      63              87          75              93          72              94          72
1010 - VBM                970            454        46.80                254     160             226         194             186         238             235         194
1011 1011                1589            232        14.60                133      87             128          94             114         108             123         100
1011 - VBM               1589            788        49.59                458     291             445         317             438         318             407         349
1012 1012                1399            242        17.30                138      86             134          93             139          92             133          99
1012 - VBM               1399            588        42.03                319     235             299         249             295         267             316         251
1013 1013                1778            371        20.87                172     152             180         153             163         177             178         164
1013 - VBM               1778            828        46.57                435     343             414         368             427         359             381         411
1014 1014                1503            258        17.17                125     109             135         108             121         118             113         128
1014 - VBM               1503            630        41.92                334     254             334         255             304         292             310         289
1015 1015                 792            163        20.58                 84      71              89          71              86          72              70          89
1015 - VBM                792            342        43.18                201     122             169         154             164         156             169         161
1016 1016                1968            327        16.62                163     145             173         136             174         140             161         149
1016 - VBM               1968            969        49.24                535     391             464         474             508         440             467         469
1017 1017                 585            106        18.12                 49      52              67          38              51          52              47          56
1017 - VBM                585            273        46.67                144     122             156         108             141         127             159         113
1018 1018                2037            343        16.84                153     168             162         161             151         174             159         167
1018 - VBM               2037           1010        49.58                531     426             497         471             466         499             448         529
2019 2019                 537            156        29.05                 68      67              74          69              70          73              96          48
2019 - VBM                537            199        37.06                110      81              93          95              98          92             125          69
2020 2020                1925            385        20.00                202     149             162         196             184         176             219         151
2020 - VBM               1925            969        50.34                548     385             404         526             455         473             452         481
2021 2021                1282            320        24.96                153     143             145         153             156         144             174         134
2021 - VBM               1282            603        47.04                365     210             274         298             306         274             316         262
2022 2022                1672            447        26.73                207     212             164         259             194         232             201         232
2022 - VBM               1672            901        53.89                464     401             361         506             411         456             410         469
2023 2023                2008            398        19.82                195     173             150         229             192         188             170         211
2023 - VBM               2008           1056        52.59                584     423             400         594             512         490             545         480
2024 2024                1961            334        17.03                159     160             125         196             144         180             158         167
2024 - VBM               1961           1176        59.97                601     513             458         663             529         592             526         613
2025 2025                2165            422        19.49                218     166             232         163             207         187             252         153
2025 - VBM               2165            933        43.09                564     330             477         422             512         385             553         358
2027 2027                1449            306        21.12                151     129             109         172             128         159             138         153
2027 - VBM               1449            833        57.49                425     366             298         498             384         415             363         447
2028 2028                1258            242        19.24                107     120              91         142             105         130              99         141
2028 - VBM               1258            739        58.74                342     344             297         409             316         383             265         450
2029 2029                1659            286        17.24                142     125              99         173             134         143             130         149
2029 - VBM               1659           1009        60.82                470     492             351         610             405         560             400         580
2030 2030                1636            375        22.92                174     168             135         208             144         194             140         222
2030 - VBM               1636            952        58.19                485     404             334         546             408         493             408         516
2031 2031                 878            213        24.26                 98     110              88         120              85         123              74         137
2031 - VBM                878            460        52.39                238     201             178         259             188         257             211         234
2032 2032                1170            200        17.09                 92      88              95          96              83         108              90         100
12/02/16 4:09 PM                                                   COUNTY OF MONTEREY Statement of Vote                                                         70 of 133
November 8,2016                                                      PRESIDENTIAL GENERAL ELECTION

                                                                                       CALIFORNIA




                                                               PROPOSITION 59




                                                                                       PROPOSITION 60




                                                                                                                   PROPOSITION 61




                                                                                                                                               PROPOSITION 62
                                  Ballots Cast
                   Registration




                                                 Turnout (%)




                                                               YES




                                                                                       YES




                                                                                                                   YES




                                                                                                                                               YES
                                                                                NO




                                                                                                        NO




                                                                                                                                    NO




                                                                                                                                                                NO
2032 - VBM               1170            580        49.57                291     261             279         279             248         310             245         320
2033 2033                 716            140        19.55                 74      57              87          48              73          61              77          58
2033 - VBM                716            302        42.18                159     127             169         120             158         133             168         122
2034 2034                2426            419        17.27                213     172             204         197             211         192             220         181
2034 - VBM               2426           1224        50.45                668     479             641         508             652         508             635         529
2035 2035                 770            164        21.30                 73      73              84          66              79          70              75          76
2035 - VBM                770            390        50.65                196     177             173         202             179         199             178         199
2036 2036                1639            308        18.79                166     128             154         145             156         143             164         135
2036 - VBM               1639            732        44.66                398     293             397         299             361         336             349         360
2037 2037                1463            287        19.62                130     135             143         129             130         141             133         140
2037 - VBM               1463            655        44.77                337     287             322         299             309         318             316         317
2038 2038                 740            120        16.22                 53      62              53          60              60          55              49          68
2038 - VBM                740            418        56.49                196     205             196         212             173         230             152         254
2039 2039                1526            260        17.04                130     111             135         114             123         123             115         135
2039 - VBM               1526            744        48.75                398     295             346         356             353         353             370         345
2040 2040                 852            147        17.25                 62      69              68          69              65          72              58          79
2040 - VBM                852            449        52.70                215     206             230         195             203         223             188         247
2041 2041                1105            195        17.65                 82      94             101          87              85          99             101          88
2041 - VBM               1105            590        53.39                338     227             251         311             319         244             308         264
2042 2042                1383            239        17.28                119     108             127          97             127          99             113         122
2042 - VBM               1383            683        49.39                367     276             335         315             347         303             296         359
2043 2043                1308            242        18.50                129      97             118         116              97         131             116         116
2043 - VBM               1308            716        54.74                394     287             331         354             298         393             317         379
2044 2044                 993            169        17.02                 94      60              86          70              79          77              82          76
2044 - VBM                993            562        56.60                303     232             264         274             248         285             252         286
2045 2045                1576            286        18.15                140     126             140         135             122         147             129         146
2045 - VBM               1576            858        54.44                434     382             408         411             425         398             443         391
2046 2046                1426            321        22.51                169     121             146         148             161         137             162         141
2046 - VBM               1426            710        49.79                397     282             305         373             326         351             343         348
2047 2047                 690            134        19.42                 62      65              58          68              78          50              64          68
2047 - VBM                690            321        46.52                174     131             141         164             146         158             142         169
3048 3048                 984            135        13.72                 65      59              73          55              76          50              81          50
3048 - VBM                984            463        47.05                252     192             247         199             239         205             236         209
3049 3049                2427            427        17.59                218     173             226         175             246         157             239         166
3049 - VBM               2427           1141        47.01                651     449             606         486             633         479             591         520
3050 3050                1257            237        18.85                122     102             116         110             111         115             121         105
3050 - VBM               1257            637        50.68                279     331             298         313             273         345             274         351
3051 3051                1627            323        19.85                150     141             179         123             152         152             116         186
3051 - VBM               1627            768        47.20                349     366             383         337             355         372             333         395
3052 3052                1402            302        21.54                153     133             164         126             155         132             148         146
3052 - VBM               1402            663        47.29                342     292             351         297             339         308             304         347
3053 3053                1195            229        19.16                118      89             124          92             118          99             136          83
3053 - VBM               1195            496        41.51                305     176             261         222             277         198             280         202
3054 3054                1527            309        20.24                140     132             155         116             133         140             141         133
3054 - VBM               1527            695        45.51                382     279             350         320             349         311             338         326
3055 3055                1445            303        20.97                155     124             169         119             147         143             144         153
3055 - VBM               1445            709        49.07                419     261             360         325             369         319             345         344
3056 3056                1665            303        18.20                144     142             179         114             150         137             152         144
3056 - VBM               1665            756        45.41                427     303             407         321             390         342             365         373
3057 3057                1200            248        20.67                123     102             130         100             119         107             102         131
3057 - VBM               1200            570        47.50                317     229             289         259             292         255             280         274
3058 3058                1722              342      19.86                180     134             153         167             155         163             185         142
3058 - VBM               1722              846      49.13                479     341             455         358             448         372             446         372
3059 3059                1682              350      20.81                186     145             188         146             173         159             186         152
3059 - VBM               1682              747      44.41                396     308             355         357             403         311             402         317
3062 3062                1277              306      23.96                125     155             118         167              98         192              97         190
3062 - VBM               1277              658      51.53                234     380             254         374             175         451             202         431
3063 3063                 634              143      22.56                 37      95              37          99              38          96              27         107
3063 - VBM                634              377      59.46                127     235             108         252              92         278              88         284
3160 3160                 748              194      25.94                 82     100             104          85              90          96              79         109
3160 - VBM                748              328      43.85                188     120             163         146             163         152             154         155
12/02/16 4:09 PM                                                   COUNTY OF MONTEREY Statement of Vote                                                         71 of 133
November 8,2016                                                      PRESIDENTIAL GENERAL ELECTION

                                                                                       CALIFORNIA




                                                               PROPOSITION 59




                                                                                       PROPOSITION 60




                                                                                                                   PROPOSITION 61




                                                                                                                                               PROPOSITION 62
                                  Ballots Cast
                   Registration




                                                 Turnout (%)




                                                               YES




                                                                                       YES




                                                                                                                   YES




                                                                                                                                               YES
                                                                                NO




                                                                                                        NO




                                                                                                                                    NO




                                                                                                                                                                NO
3260 3260                 446             15         3.36                 11       8              11           8               7          12               9          10
3260 - MBP                446            289        64.80                151     121             136         141             116         155             128         153
3260 - VBM                446              0         0.00                  0       0               0           0               0           0               0           0
3360 3360                 632            183        28.96                 82      90              95          78              80          92              86          90
3360 - VBM                632            269        42.56                124     130             118         141             114         146             106         152
3460 3460                 672            167        24.85                 87      74              93          73             102          60              82          85
3460 - VBM                672            249        37.05                124     114             131         111             131         110             119         120
3560 3560                 627             36         5.74                 24      11              17          18              20          15              19          17
3560 - MBP                627            448        71.45                178     232             195         226             155         261             162         265
3560 - VBM                627              0         0.00                  0       0               0           0               0           0               0           0
4064 4064                1168            297        25.43                153     114              99         180             148         126             150         136
4064 - VBM               1168            661        56.59                328     282             249         370             276         342             317         317
4065 4065                2497            585        23.43                325     189             246         291             288         244             283         261
4065 - VBM               2497           1177        47.14                646     442             493         613             553         533             571         561
4066 4066                1238            254        20.52                132     102             103         142             132         109             136         109
4066 - VBM               1238            540        43.62                311     186             178         326             258         247             263         246
4067 4067                1627            382        23.48                217     131             165         195             203         149             217         147
4067 - VBM               1627            846        52.00                516     281             387         419             467         336             478         337
4068 4068                1275            199        15.61                119      61              77         106             110          81             111          78
4068 - VBM               1275            735        57.65                455     246             268         431             386         326             416         297
4069 4069                1274            227        17.82                131      70             104         108             115          88             121          94
4069 - VBM               1274            619        48.59                355     236             294         300             319         269             345         257
4070 4070                1470            188        12.79                105      64              87          82              95          74             113          58
4070 - VBM               1470            680        46.26                441     205             315         336             370         277             417         238
4071 4071                1508            296        19.63                158     108             118         154             126         148             167         113
4071 - VBM               1508            779        51.66                473     254             307         430             380         359             439         307
4072 4072                 876            155        17.69                 92      52              74          73              84          65              67          81
4072 - VBM                876            435        49.66                265     147             193         222             220         192             219         201
4073 4073                1385            297        21.44                141     132             116         163             127         153             131         151
4073 - VBM               1385            677        48.88                402     220             282         360             327         300             330         314
4074 4074                1764            382        21.66                204     142             168         192             180         169             180         181
4074 - VBM               1764            900        51.02                503     337             366         478             448         399             423         436
4075 4075                1245            293        23.53                142     109             124         136             134         132             137         136
4075 - VBM               1245            665        53.41                387     231             274         353             328         313             340         291
4076 4076                1388            319        22.98                161     121             119         177             169         126             145         162
4076 - VBM               1388            738        53.17                414     267             279         403             321         370             361         348
4077 4077                1607            332        20.66                172     122             147         158             149         154             163         144
4077 - VBM               1607            717        44.62                408     263             329         349             365         305             368         312
4078 4078                1626            301        18.51                154     116             107         168             131         149             148         131
4078 - VBM               1626            879        54.06                494     340             390         451             415         437             440         409
4079 4079                1600            336        21.00                161     148             138         181             143         175             154         166
4079 - VBM               1600            830        51.88                448     328             334         456             366         419             402         391
4080 4080                1197            322        26.90                181     107             175         133             151         139             175         132
4080 - VBM               1197            510        42.61                313     163             228         263             281         204             271         217
4081 4081                1566            426        27.20                257     117             175         220             240         144             264         134
4081 - VBM               1566            731        46.68                517     167             296         391             434         248             471         228
4082 4082                1597            192        12.02                105      76              76         108              96          90              83         100
4082 - VBM               1597            877        54.92                460     365             399         438             406         432             383         465
4083 4083                2219            358        16.13                176     160             158         184             168         175             169         174
4083 - VBM               2219           1237        55.75                620     517             524         624             554         606             588         592
4084 4084                1724            276        16.01                121     133             112         152             100         160             131         136
4084 - VBM               1724           1061        61.54                525     476             410         606             449         571             401         632
4085 4085                1149            182        15.84                 81      89              74         103              69         106              72         103
4085 - VBM               1149            759        66.06                361     344             299         411             285         432             306         425
4086 4086                 928            148        15.95                 74      63              62          78              52          89              69          75
4086 - VBM                928            547        58.94                261     252             213         305             240         283             218         312
4087 4087                1451            193        13.30                 96      80              78         103              76         100              79         103
4087 - VBM               1451            925        63.75                431     440             383         494             377         501             391         501
4088 4088                 920            140        15.22                 69      67              45          87              67          72              66          73
4088 - VBM                920            605        65.76                294     275             229         337             257         311             280         301
4089 4089                1366            254        18.59                117     119              91         151             105         141              82         161
12/02/16 4:09 PM                                                   COUNTY OF MONTEREY Statement of Vote                                                         72 of 133
November 8,2016                                                      PRESIDENTIAL GENERAL ELECTION

                                                                                       CALIFORNIA




                                                               PROPOSITION 59




                                                                                       PROPOSITION 60




                                                                                                                   PROPOSITION 61




                                                                                                                                               PROPOSITION 62
                                  Ballots Cast
                   Registration




                                                 Turnout (%)




                                                               YES




                                                                                       YES




                                                                                                                   YES




                                                                                                                                               YES
                                                                                NO




                                                                                                        NO




                                                                                                                                    NO




                                                                                                                                                                NO
4089 - VBM               1366            813        59.52                360     411             314         451             329         449             313         473
4090 4090                1269            219        17.26                 99     111              84         127              91         119              87         125
4090 - VBM               1269            763        60.13                332     385             307         411             260         465             275         459
5091 5091                1521            315        20.71                187      90             112         176             176         111             183         113
5091 - VBM               1521            877        57.66                555     250             293         517             471         346             514         321
5092 5092                1692            434        25.65                247     132             150         244             231         163             228         173
5092 - VBM               1692            862        50.95                530     253             287         518             454         331             464         347
5093 5093                2004            457        22.80                277     135             167         250             253         170             267         163
5093 - VBM               2004           1148        57.29                714     321             428         633             626         411             705         364
5094 5094                1542            366        23.74                193     122             128         192             182         141             175         161
5094 - VBM               1542            854        55.38                530     258             294         506             417         379             457         353
5095 5095                1473            367        24.92                200     122             128         205             207         126             194         149
5095 - VBM               1473            744        50.51                437     261             291         410             382         319             409         299
5096 5096                 991            151        15.24                 70      61              43          90              61          74              73          67
5096 - VBM                991            673        67.91                382     246             197         436             295         325             363         283
5097 5097                1210            245        20.25                129      82              72         150             110         115             125         107
5097 - VBM               1210            768        63.47                478     232             235         469             379         330             449         285
5098 5098                1341            264        19.69                161      66              66         169             148          94             148          92
5098 - VBM               1341            858        63.98                525     282             262         538             437         375             491         332
5099 5099                1282            275        21.45                139      98              83         169             140         106             146         106
5099 - VBM               1282            844        65.83                497     289             265         523             408         376             467         336
5100 5100                2122            483        22.76                270     152             149         292             260         166             278         169
5100 - VBM               2122           1216        57.30                696     411             464         656             593         515             661         479
5101 5101                1595            299        18.75                182      81              92         178             147         120             176         100
5101 - VBM               1595           1045        65.52                616     359             316         659             509         455             640         370
5102 5102                1546            339        21.93                182     121              95         209             165         144             194         123
5102 - VBM               1546            932        60.28                576     285             320         541             462         401             541         351
5103 5103                1466            319        21.76                194      94              98         195             177         120             205          98
5103 - VBM               1466            933        63.64                592     273             302         554             470         372             570         314
5104 5104                1335            302        22.62                167      94             106         164             162         106             159         117
5104 - VBM               1335            790        59.18                463     252             239         478             396         326             471         276
5105 5105                1427            315        22.07                183      98              94         194             170         118             176         121
5105 - VBM               1427            886        62.09                525     269             292         504             435         372             531         301
5106 5106                1443            330        22.87                168     127             113         187             172         134             178         128
5106 - VBM               1443            830        57.52                474     290             272         483             401         367             473         306
5107 5107                1353            319        23.58                189      94              97         197             165         128             183         124
5107 - VBM               1353            824        60.90                513     236             266         490             421         332             479         304
5108 5108                1951            373        19.12                169     169             118         217             151         186             160         187
5108 - VBM               1951           1305        66.89                663     565             450         757             538         698             608         654
5109 5109                1354            255        18.83                 98     126              86         149              81         151             123         113
5109 - VBM               1354            915        67.58                397     461             251         593             364         484             394         478
5110 5110                1334            365        27.36                207     109             108         216             174         158             199         138
5110 - VBM               1334            813        60.94                472     288             273         473             412         342             460         312
5111 5111                1295            306        23.63                153     114              97         170             145         134             176         112
5111 - VBM               1295            805        62.16                434     332             245         502             353         403             446         334
5112 5112                1250            263        21.04                138      98              82         153             126         112             152         100
5112 - VBM               1250            797        63.76                441     301             266         467             389         349             430         321
5113 5113                1752            404        23.06                207     149             127         240             183         186             215         162
5113 - VBM               1752           1087        62.04                641     375             361         630             525         487             619         411
5114 5114                1282            269        20.98                141     104              88         161             131         118             137         118
5114 - VBM               1282            852        66.46                470     317             283         504             405         385             482         329
5115 5115                 756              108      14.29                 53      44              35          66              51          51              51          51
5115 - VBM                756              544      71.96                290     208             195         295             235         267             315         203
5116 5116                1257              237      18.85                109      97              74         137              95         117             113         105
5116 - VBM               1257              812      64.60                398     363             269         477             334         436             415         372
5117 5117                1452              302      20.80                144     126             104         175             135         153             157         131
5117 - VBM               1452              939      64.67                543     342             300         581             421         458             492         403
5118 5118                1253              237      18.91                134      87              74         147             111         105             139          85
5118 - VBM               1253              859      68.56                499     314             292         537             421         392             498         336
5119 5119                1025              247      24.10                135      81              76         146             121         102             138          97
5119 - VBM               1025              621      60.59                399     173             219         365             324         258             362         230
12/02/16 4:09 PM                                                    COUNTY OF MONTEREY Statement of Vote                                                                       73 of 133
November 8,2016                                                       PRESIDENTIAL GENERAL ELECTION

                                                                                                  CALIFORNIA




                                                                PROPOSITION 59




                                                                                                  PROPOSITION 60




                                                                                                                                 PROPOSITION 61




                                                                                                                                                              PROPOSITION 62
                                   Ballots Cast
                   Registration




                                                  Turnout (%)




                                                                YES




                                                                                                  YES




                                                                                                                                 YES




                                                                                                                                                              YES
                                                                                 NO




                                                                                                                   NO




                                                                                                                                                  NO




                                                                                                                                                                               NO
5120 5120                1211             298        24.61                181      88                     100      176               162            115             179             107
5120 - VBM               1211             740        61.11                438     255                     223      463               395            295             440             273
5121 5121                 501             166        33.13                114      40                      56        99              106             52             114              42
5121 - VBM                501             221        44.11                159      45                      61      141               131             75             147              65
5122 5122                 592             134        22.64                 79      43                      35        90               72             51              81              50
5122 - VBM                592             361        60.98                220     120                     115      219               199            138             201             150
5123 5123                1212             193        15.92                 77      97                      44      133                56            122              79             106
5123 - VBM               1212             836        68.98                363     401                     289      496               304            486             340             462
5124 5124                1915             318        16.61                133     158                      93      199               126            175             128             174
5124 - VBM               1915            1320        68.93                622     630                     383      859               462            791             565             712
5125 5125                1594             152         9.54                 60      84                      43      110                45            101              59              92
5125 - VBM               1594            1080        67.75                441     560                     329      684               378            640             414             620
5126 5126                1690             290        17.16                102     152                      93      171                95            166             112             160
5126 - VBM               1690            1129        66.80                493     550                     366      694               431            625             465             631
5127 5127                1436             224        15.60                107     105                      82      133                82            130              83             131
5127 - VBM               1436             961        66.92                408     485                     304      601               315            603             350             566
9101 - MBP                 45              31        68.89                 10      20                      17        14               14             16              10              20
9101 - VBM                 45               0         0.00                  0       0                       0         0                 0             0                0              0
9102 - MBP                240             186        77.50                108      72                     120        62               95             86              86              95
9102 - VBM                240               0         0.00                  0       0                       0         0                 0             0                0              0
9103 - MBP                104              86        82.69                 49      35                      40        42               34             52              38              45
9103 - VBM                104               0         0.00                  0       0                       0         0                 0             0                0              0
9204 - MBP                  0               0         0.00                  0       0                       0         0                 0             0                0              0
9204 - VBM                  0               0         0.00                  0       0                       0         0                 0             0                0              0
9205 - MBP                 10               2        20.00                  0       ***********
                                                                                    1                   Insufficient
                                                                                                            2        Turnout
                                                                                                                      0      to Protect 0Voter     Privacy
                                                                                                                                                      1      ********* 0              2
9205 - VBM                 10               0         0.00                  0       0                       0         0                 0             0                0              0
9206 - MBP                  0               0         0.00                  0       0                       0         0                 0             0                0              0
9206 - VBM                  0               0         0.00                  0       0                       0         0                 0             0                0              0
9207 - MBP                378             285        75.40                181      88                     125      144               175             94             157             119
9207 - VBM                378               0         0.00                  0       0                       0         0                 0             0                0              0
9208 - MBP                 51              47        92.16                 18      28                      12        31               22             23              13              32
9208 - VBM                 51               0         0.00                  0       0                       0         0                 0             0                0              0
9209 - MBP                 96              82        85.42                 34      46                      29        50               38             44              37              45
9209 - VBM                 96               0         0.00                  0       0                       0         0                 0             0                0              0
9210 - MBP                 32              27        84.38                 12      13                      15        12                 8            18              10              17
9210 - VBM                 32               0         0.00                  0       0                       0         0                 0             0                0              0
9211 - MBP                 45              31        68.89                 10      19                      15        14               17             14                8             22
9211 - VBM                 45               0         0.00                  0       0                       0         0                 0             0                0              0
9212 - MBP                162             138        85.19                 57      73                      64        68               53             77              60              71
9212 - VBM                162               1         0.62                  0       ***********
                                                                                    1                   Insufficient
                                                                                                            0        Turnout
                                                                                                                      1      to Protect 0Voter     Privacy
                                                                                                                                                      1      ********* 0              1
9213 - MBP                 42              28        66.67                 10      13                      12        14               13             12              12              13
9213 - VBM                 42               1         2.38                  0       ***********
                                                                                    1                   Insufficient
                                                                                                            1        Turnout
                                                                                                                      0      to Protect 0Voter     Privacy
                                                                                                                                                      1      ********* 1              0
9214 - MBP                175             130        74.29                 62      63                      61        63               62             62              42              84
9214 - VBM                175               0         0.00                  0       0                       0         0                 0             0                0              0
9215 - MBP                 69              35        50.72                 14      19                      25         9               17             18              13              22
9215 - VBM                 69               0         0.00                  0       0                       0         0                 0             0                0              0
9216 - MBP                 70              59        84.29                 11      43                      18        34               11             43              10              46
9216 - VBM                 70               0         0.00                  0       0                       0         0                 0             0                0              0
9217 - MBP                 36              34        94.44                  8      22                      15        18                 8            24              10              22
9217 - VBM                 36               0         0.00                  0       0                       0         0                 0             0                0              0
9218 - MBP                  1               0         0.00                  0       0                       0         0                 0             0                0              0
9218 - VBM                     1              0       0.00                  0       0                       0         0                 0         0                    0              0
9319 - MBP                   525            462      88.00                216     197                     186      255               157        277                 190             253
9319 - VBM                   525              1       0.19                  0       ***********
                                                                                    0                   Insufficient
                                                                                                            0        Turnout
                                                                                                                      0      to Protect 0Voter Privacy
                                                                                                                                                  1          ********* 1              0
9320 - MBP                     0              0       0.00                  0       0                       0         0                 0         0                    0              0
9320 - VBM                     0              0       0.00                  0       0                       0         0                 0         0                    0              0
9321 - MBP                    18             17      94.44                  2      14                       6        11                 7        10                    4             13
9321 - VBM                    18              0       0.00                  0       0                       0         0                 0         0                    0              0
9322 - MBP                   226            178      78.76                 55     111                      56      114                52        118                  46             124
9322 - VBM                   226              0       0.00                  0       0                       0         0                 0         0                    0              0
9323 - MBP                    17             16      94.12                  1      15                       2        14                 3        13                    3             13
12/02/16 4:09 PM                                                    COUNTY OF MONTEREY Statement of Vote                                                                       74 of 133
November 8,2016                                                       PRESIDENTIAL GENERAL ELECTION

                                                                                                  CALIFORNIA




                                                                PROPOSITION 59




                                                                                                  PROPOSITION 60




                                                                                                                                 PROPOSITION 61




                                                                                                                                                              PROPOSITION 62
                                   Ballots Cast
                   Registration




                                                  Turnout (%)




                                                                YES




                                                                                                  YES




                                                                                                                                 YES




                                                                                                                                                              YES
                                                                                 NO




                                                                                                                   NO




                                                                                                                                                  NO




                                                                                                                                                                               NO
9323 - VBM                    17              0     0.00                     0      0                       0         0                 0             0                0              0
9324 - MBP                   116             90    77.59                    35     50                      30        54               32             55              33              54
9324 - VBM                   116              0     0.00                     0      0                       0         0                 0             0                0              0
9325 - MBP                    61             53    86.89                    23     26                      18        30                 9            40              12              37
9325 - VBM                    61              0     0.00                     0      0                       0         0                 0             0                0              0
9326 - MBP                   196            135    68.88                    60     66                      63        65               60             67              43              84
9326 - VBM                   196              0     0.00                     0      0                       0         0                 0             0                0              0
9327 - MBP                    47             40    85.11                     9     31                       8        29               16             24              13              27
9327 - VBM                    47              0     0.00                     0      0                       0         0                 0             0                0              0
9328 - MBP                   220            162    73.64                    76     82                      78        80               71             88              56             102
9328 - VBM                   220              0     0.00                     0      0                       0         0                 0             0                0              0
9329 - MBP                   137             99    72.26                    38     57                      48        42               38             54              30              65
9329 - VBM                   137              0     0.00                     0      0                       0         0                 0             0                0              0
9330 - MBP                    31             23    74.19                     6     17                      13        10                 4            19                9             14
9330 - VBM                    31              0     0.00                     0      0                       0         0                 0             0                0              0
9331 - MBP                    44             37    84.09                    15     19                      12        21               11             23              11              24
9331 - VBM                    44              0     0.00                     0      0                       0         0                 0             0                0              0
9332 - MBP                   279            229    82.08                    90    125                      77      135                82            135              82             144
9332 - VBM                   279              0     0.00                     0      0                       0         0                 0             0                0              0
9333 - MBP                   165            141    85.45                    62     75                      54        85               53             84              53              87
9333 - VBM                   165              0     0.00                     0      0                       0         0                 0             0                0              0
9334 - MBP                    40             33    82.50                     9     23                       8        23                 1            30              10              22
9334 - VBM                    40              0     0.00                     0      0                       0         0                 0             0                0              0
9335 - MBP                     9              6    66.67                     6      ***********
                                                                                    0                   Insufficient
                                                                                                            2        Turnout
                                                                                                                      3      to Protect 3Voter     Privacy
                                                                                                                                                      3      ********* 2              4
9335 - VBM                     9              0     0.00                     0      0                       0         0                 0             0                0              0
9336 - MBP                   202            154    76.24                    40     99                      56        84               33            115              42             102
9336 - VBM                   202              0     0.00                     0      0                       0         0                 0             0                0              0
9337 - MBP                   174            138    79.31                    29     96                      31        95               39             87              25             106
9337 - VBM                   174              0     0.00                     0      0                       0         0                 0             0                0              0
9338 - MBP                    24             19    79.17                     8      9                       8        10               10              7                2             15
9338 - VBM                    24              0     0.00                     0      0                       0         0                 0             0                0              0
9339 - MBP                   106             93    87.74                    31     54                      29        55               20             64              24              65
9339 - VBM                   106              0     0.00                     0      0                       0         0                 0             0                0              0
9340 - MBP                    89             72    80.90                    23     47                      19        52               18             54              12              57
9340 - VBM                    89              0     0.00                     0      0                       0         0                 0             0                0              0
9441 - MBP                    11             11   100.00                     3      7                       4         7                 3             7                5              5
9441 - VBM                    11              0     0.00                     0      0                       0         0                 0             0                0              0
9442 - MBP                     2              2   100.00                     0      ***********
                                                                                    2                   Insufficient
                                                                                                            0        Turnout
                                                                                                                      2      to Protect 0Voter     Privacy
                                                                                                                                                      2      ********* 0              2
9442 - VBM                     2              0     0.00                     0      0                       0         0                 0             0                0              0
9443 - MBP                     0              0     0.00                     0      0                       0         0                 0             0                0              0
9443 - VBM                     0              0     0.00                     0      0                       0         0                 0             0                0              0
9444 - MBP                    46             35    76.09                    14     21                      11        23               13             22              12              23
9444 - VBM                    46              0     0.00                     0      0                       0         0                 0             0                0              0
9445 - MBP                   131             96    73.28                    51     39                      32        55               41             48              44              50
9445 - VBM                   131              0     0.00                     0      0                       0         0                 0             0                0              0
9446 - MBP                    16              9    56.25                     3      ***********
                                                                                    6                   Insufficient
                                                                                                            5        Turnout
                                                                                                                      4      to Protect 4Voter     Privacy
                                                                                                                                                      5      ********* 3              6
9446 - VBM                    16              0     0.00                     0      0                       0         0                 0             0                0              0
9447 - MBP                    14             13    92.86                     4      6                       4         7                 8             3                3              9
9447 - VBM                    14              0     0.00                     0      0                       0         0                 0             0                0              0
9448 - MBP                     0              0     0.00                     0      0                       0         0                 0             0                0              0
9448 - VBM                     0              0     0.00                     0      0                       0         0                 0             0                0              0
9449 - MBP                   392            345      88.01                193     131                       148         180                159         168              168         164
9449 - VBM                   392              0       0.00                  0       0                         0           0                  0           0                0           0
9450 - MBP                   207            161      77.78                 89      58                        50         101                 90          61               81          70
9450 - VBM                   207              0       0.00                  0       0                         0           0                  0           0                0           0
9451 - MBP                   113             60      53.10                 39      13                        32          26                 39          14               25          30
9451 - VBM                   113              0       0.00                  0       0                         0           0                  0           0                0           0
9452 - MBP                    62             39      62.90                 25       9                        21          16                 26          10               23          10
9452 - VBM                    62              0       0.00                  0       0                         0           0                  0           0                0           0
9553 - MBP                   237            160      67.51                 87      50                        72          73                 81          66               65          82
9553 - VBM                   237              0       0.00                  0       0                         0           0                  0           0                0           0
12/02/16 4:09 PM                                                               COUNTY OF MONTEREY Statement of Vote                                                          75 of 133
 November 8,2016                                                                 PRESIDENTIAL GENERAL ELECTION

                                                                                                    CALIFORNIA




                                                                           PROPOSITION 59




                                                                                                    PROPOSITION 60




                                                                                                                                PROPOSITION 61




                                                                                                                                                            PROPOSITION 62
                                              Ballots Cast
                              Registration




                                                             Turnout (%)




                                                                           YES




                                                                                                    YES




                                                                                                                                YES




                                                                                                                                                            YES
                                                                                            NO




                                                                                                                     NO




                                                                                                                                                 NO




                                                                                                                                                                             NO
9554 - MBP                              490            426      86.94                232      163             150         248             197         199             228         177
9554 - VBM                              490              0       0.00                  0        0               0           0               0           0               0           0
9555 - MBP                              293            259      88.40                134      109              77         166             106         132             131         118
9555 - VBM                              293              0       0.00                  0        0               0           0               0           0               0           0
9556 - MBP                              501            440      87.82                203      208             126         285             155         257             185         241
9556 - VBM                              501              0       0.00                  0        0               0           0               0           0               0           0
9557 - MBP                              740            633      85.54                292      293             216         372             275         319             264         335
9557 - VBM                              740              0       0.00                  0        0               0           0               0           0               0           0
9558 - MBP                              455            414      90.99                224      167             117         268             175         211             181         218
9558 - VBM                              455              0       0.00                  0        0               0           0               0           0               0           0
9559 - MBP                              841            760      90.37                439      275             277         425             372         339             444         284
9559 - VBM                              841              0       0.00                  0        0               0           0               0           0               0           0
9560 - MBP                              333            281      84.38                188       71              99         159             157         104             187          87
9560 - VBM                              333              0       0.00                  0        0               0           0               0           0               0           0
9561 - MBP                              224            164      73.21                113       36              56          93             105          44             111          46
9561 - VBM                              224              0       0.00                  0        0               0           0               0           0               0           0
9562 - MBP                              128            106      82.81                 41       57              30          66              42          56              46          54
9562 - VBM                              128              0       0.00                  0        0               0           0               0           0               0           0
9563 - MBP                               16             13      81.25                  7        5               6           6               6           6               6           6
9563 - VBM                               16              0       0.00                  0        0               0           0               0           0               0           0
9564 - MBP                               81             67      82.72                 43       21              16          42              33          26              36          28
9564 - VBM                               81              0       0.00                  0        0               0           0               0           0               0           0
9565 - MBP                               80             69      86.25                 25       38              21          43              32          31              28          36
9565 - VBM                               80              0       0.00                  0        0               0           0               0           0               0           0
9567 - MBP                              164            145      88.41                 58       73              32          99              50          79              69          70
9567 - VBM                              164              0       0.00                  0        0               0           0               0           0               0           0


Precinct Totals               175927            34506           19.61           17602       13764        14462       17701           16458       15683           17227       15525


MBP Totals                      10932               8843        80.89             4254       3979          3307       4975             3726       4576             3843       4636


VBM Totals                    185786            93753           50.46           51127       36907        38491       49927           44347       44307           46813       43281


Grand Totals                  175927          137102            77.93           72983       54650        56260       72603           64531       64566           67883       63442
CALIFORNIA                    175927          137102            77.93           72983       54650        56260       72603           64531       64566           67883       63442
20th CONGRESS                 175927          137102            77.93           72983       54650        56260       72603           64531       64566           67883       63442
12th SENATORIAL DISTRICT       77080           53533            69.45           27752       22606        26105       24820           25557       25455           25410       26113
17th SENATORIAL DISTRICT       98847           83569            84.54           45231       32044        30155       47783           38974       39111           42473       37329
29th ASSEMBLY DISTRICT         92492           76834            83.07           42196       28782        28029       43602           36477       35231           39765       33564
30th ASSEMBLY DISTRICT         83435           60268            72.23           30787       25868        28231       29001           28054       29335           28118       29878
2ND DIST, BOARD OF EQUALIZA   175927          137102            77.93           72983       54650        56260       72603           64531       64566           67883       63442
1ST SUPERVISORIAL DISTRICT     24156           15295            63.32            8340        6041         8009        6551            7709        6856            7747        6933
2ND SUPERVISORIAL DISTRICT     38213           28179            73.74           14540       12015        12480       14281           13165       13678           13248       13971
3RD SUPERVISORIAL DISTRICT     23169           17859            77.08            8760        8081         8602        8423            8202        8855            8006        9201
4TH SUPERVISORIAL DISTRICT     38934           29030            74.56           15684       11255        11969       15401           13603       13743           14090       13700
5TH SUPERVISORIAL DISTRICT     51455           46739            90.83           25659       17258        15200       27947           21852       21434           24792       19637
CARMEL-BY-THE-SEA               2629            2289            87.07            1266         843          723        1361            1084        1037            1281         896
DEL REY OAKS                    1168             958            82.02             481         396          348         550             424         468             467         453
GONZALES                        3029            2056            67.88             994         932         1077         883            1001         964             901        1074
GREENFIELD                      4604            3103            67.40            1681        1259         1570        1387            1590        1367            1601        1388
KING CITY                       3125            2178            69.70            1051        1000         1063        1027             978        1099             944        1156
MARINA                          10427            7563           72.53            4167        2803         3199        3914            3607        3501            3730        3466
MONTEREY                        15178           12361           81.44            7304        3913         4186        7216            6311        5039            6862        4781
PACIFIC GROVE                   10165            8463           83.26            5024        2673         2702        5033            4252        3495            4976        3033
SALINAS                         57347           38852           67.75           20310       16210        18754       18147           18580       18418           18569       18808
SAND CITY                           0             161            0.00              89          58           50         101              90          61              81          70
SEASIDE                         13150            9131           69.44            5323        3139         3839        4777            4599        3964            4849        3880
SOLEDAD                          5832            3800           65.16            2090        1506         2005        1629            1933        1689            1901        1758
UNINCORPORATED COUNTY A         49273           46187           93.74           23203       19918        16744       26578           20082       23464           21721       22679
SALINAS DISTRICT 1               6920            4545           65.68            2522        1756         2429        1903            2399        1919            2384        1982
SALINAS DISTRICT 2               6582            3936           59.80            2204        1534         2117        1634            2127        1648            2097        1689
12/02/16 4:09 PM                                                       COUNTY OF MONTEREY Statement of Vote                                                    76 of 133
November 8,2016                                                          PRESIDENTIAL GENERAL ELECTION

***Grand Totals                                                                             CALIFORNIA




                                                                   PROPOSITION 59




                                                                                            PROPOSITION 60




                                                                                                                     PROPOSITION 61




                                                                                                                                              PROPOSITION 62
                                      Ballots Cast
                       Registration




                                                     Turnout (%)




                                                                   YES




                                                                                            YES




                                                                                                                     YES




                                                                                                                                              YES
                                                                                    NO




                                                                                                             NO




                                                                                                                                      NO




                                                                                                                                                               NO
SALINAS DISTRICT 3       13681          10274           75.10             4997       4623          4212       5504          4344       5418          4371       5525
SALINAS DISTRICT 4        8230           5236           63.62             2810       2090          2707       2270          2586       2401          2662       2366
SALINAS DISTRICT 5        9812           6414           65.37             3313       2709          3221       2868          3026       3072          3000       3166
SALINAS DISTRICT 6       12122           8633           71.22             4572       3570          4188       4030          4193       4046          4141       4175
KING CITY DISTRICT 1       748            522           69.79              270        220           267        231           253        248           233        264
KING CITY DISTRICT 2       446            304           68.16              162        129           147        149           123        167           137        163
KING CITY DISTRICT 3       632            452           71.52              206        220           213        219           194        238           192        242
KING CITY DISTRICT 4       672            416           61.90              211        188           224        184           233        170           201        205
KING CITY DISTRICT 5       627            484           77.19              202        243           212        244           175        276           181        282
