12/02/16 4:09 PM                                                   COUNTY OF MONTEREY Statement of Vote                                                         53 of 133
November 8,2016                                                      PRESIDENTIAL GENERAL ELECTION

                                                                                       CALIFORNIA




                                                               PROPOSITION 51




                                                                                       PROPOSITION 52




                                                                                                                   PROPOSITION 53




                                                                                                                                               PROPOSITION 54
                                  Ballots Cast
                   Registration




                                                 Turnout (%)




                                                               YES




                                                                                       YES




                                                                                                                   YES




                                                                                                                                               YES
                                                                                NO




                                                                                                        NO




                                                                                                                                    NO




                                                                                                                                                                NO
1001 1001                1305            258        19.77                212      38             190          55             128         114             133         108
1001 - VBM               1305            485        37.16                374      88             370          79             231         213             276         174
1002 1002                1533            257        16.76                201      39             172          62             115         112             127         105
1002 - VBM               1533            649        42.34                463     158             484         129             297         318             348         261
1003 1003                 966            154        15.94                121      22             113          27              85          54              94          46
1003 - VBM                966            458        47.41                336     103             335          99             221         211             231         200
1004 1004                 767            144        18.77                104      29              96          32              63          61              65          61
1004 - VBM                767            303        39.50                220      65             235          52             140         139             163         117
1005 1005                 836            132        15.79                 97      25              98          27              62          61              74          48
1005 - VBM                836            355        42.46                254      79             254          81             167         162             173         157
1006 1006                1568            176        11.22                129      31             126          31              73          78              90          64
1006 - VBM               1568            660        42.09                523     116             538         101             300         330             309         318
1007 1007                1058            177        16.73                120      47             130          36              74          89              96          68
1007 - VBM               1058            482        45.56                324     127             346         105             218         227             264         180
1008 1008                1305            216        16.55                151      52             143          56              97          98             121          71
1008 - VBM               1305            567        43.45                377     158             404         130             282         250             321         209
1009 1009                2197            436        19.85                298     103             280         124             180         210             213         176
1009 - VBM               2197            986        44.88                649     290             709         222             479         445             508         415
1010 1010                 970            173        17.84                129      34             124          37              69          86              79          74
1010 - VBM                970            454        46.80                318     112             332          95             193         221             220         199
1011 1011                1589            232        14.60                175      45             161          62             112         105             119          95
1011 - VBM               1589            788        49.59                536     211             585         156             381         351             424         305
1012 1012                1399            242        17.30                194      35             180          47              98         125             124          97
1012 - VBM               1399            588        42.03                399     137             423         110             238         289             276         245
1013 1013                1778            371        20.87                254      81             244          87             160         162             192         135
1013 - VBM               1778            828        46.57                514     257             577         190             386         360             418         338
1014 1014                1503            258        17.17                168      75             165          73             108         128             140          95
1014 - VBM               1503            630        41.92                413     177             470         125             308         271             347         236
1015 1015                 792            163        20.58                105      49             107          47              58          91              77          72
1015 - VBM                792            342        43.18                232      92             240          82             154         164             160         152
1016 1016                1968            327        16.62                227      80             220          83             130         171             178         119
1016 - VBM               1968            969        49.24                613     318             698         228             433         483             498         417
1017 1017                 585            106        18.12                 77      27              80          24              61          39              62          38
1017 - VBM                585            273        46.67                178      84             203          57             141         119             152         110
1018 1018                2037            343        16.84                218     110             215         109             143         176             176         144
1018 - VBM               2037           1010        49.58                624     337             716         243             492         450             553         397
2019 2019                 537            156        29.05                109      31             109          29              60          77              73          64
2019 - VBM                537            199        37.06                150      42             144          44              96          83              89          96
2020 2020                1925            385        20.00                247     109             239         114             167         173             208         137
2020 - VBM               1925            969        50.34                541     395             649         275             472         451             545         376
2021 2021                1282            320        24.96                200     103             223          74             135         162             165         132
2021 - VBM               1282            603        47.04                351     233             435         143             273         299             311         260
2022 2022                1672            447        26.73                198     227             248         179             207         210             238         173
2022 - VBM               1672            901        53.89                430     434             577         274             431         419             484         367
2023 2023                2008            398        19.82                236     143             242         135             185         180             225         132
2023 - VBM               2008           1056        52.59                633     376             742         261             481         507             580         407
2024 2024                1961            334        17.03                172     140             191         118             150         159             210          94
2024 - VBM               1961           1176        59.97                613     512             756         363             531         569             616         487
2025 2025                2165            422        19.49                318      83             305          94             180         205             212         178
2025 - VBM               2165            933        43.09                724     166             720         162             445         422             466         414
2027 2027                1449            306        21.12                178     110             206          81             124         152             167         115
2027 - VBM               1449            833        57.49                442     347             569         222             407         382             454         336
2028 2028                1258            242        19.24                132      98             147          83             110         110             121         104
2028 - VBM               1258            739        58.74                340     356             457         244             418         274             438         263
2029 2029                1659            286        17.24                142     131             165         106             128         138             157         108
2029 - VBM               1659           1009        60.82                479     495             604         364             519         442             567         390
2030 2030                1636            375        22.92                184     173             210         137             154         192             194         148
2030 - VBM               1636            952        58.19                506     402             577         320             426         455             538         355
2031 2031                 878            213        24.26                 96     111             118          86             128          78             121          83
2031 - VBM                878            460        52.39                254     183             300         137             211         220             254         181
2032 2032                1170            200        17.09                123      67             118          70              94          85             115          69
12/02/16 4:09 PM                                                   COUNTY OF MONTEREY Statement of Vote                                                         54 of 133
November 8,2016                                                      PRESIDENTIAL GENERAL ELECTION

                                                                                       CALIFORNIA




                                                               PROPOSITION 51




                                                                                       PROPOSITION 52




                                                                                                                   PROPOSITION 53




                                                                                                                                               PROPOSITION 54
                                  Ballots Cast
                   Registration




                                                 Turnout (%)




                                                               YES




                                                                                       YES




                                                                                                                   YES




                                                                                                                                               YES
                                                                                NO




                                                                                                        NO




                                                                                                                                    NO




                                                                                                                                                                NO
2032 - VBM               1170            580        49.57                325     234             395         159             299         246             337         213
2033 2033                 716            140        19.55                105      27             100          35              69          60              79          49
2033 - VBM                716            302        42.18                207      78             230          56             149         133             161         121
2034 2034                2426            419        17.27                291     105             282         110             176         205             218         166
2034 - VBM               2426           1224        50.45                780     371             861         284             543         577             658         469
2035 2035                 770            164        21.30                104      54             113          44              80          73              97          57
2035 - VBM                770            390        50.65                229     142             268         100             172         192             225         140
2036 2036                1639            308        18.79                222      71             227          67             142         145             185         106
2036 - VBM               1639            732        44.66                513     184             533         161             357         329             393         299
2037 2037                1463            287        19.62                180      83             183          78             129         122             158          97
2037 - VBM               1463            655        44.77                431     194             466         157             323         294             359         257
2038 2038                 740            120        16.22                 68      48              74          42              57          55              70          41
2038 - VBM                740            418        56.49                228     171             268         131             208         192             228         164
2039 2039                1526            260        17.04                181      67             171          73             109         133             125         116
2039 - VBM               1526            744        48.75                473     226             531         161             358         325             395         286
2040 2040                 852            147        17.25                 88      43              89          42              66          64              75          54
2040 - VBM                852            449        52.70                270     152             320         102             199         207             256         154
2041 2041                1105            195        17.65                120      63             124          56              95          86             105          75
2041 - VBM               1105            590        53.39                375     191             405         155             273         278             277         276
2042 2042                1383            239        17.28                152      72             161          61             106         112             120          96
2042 - VBM               1383            683        49.39                425     214             488         157             315         308             357         272
2043 2043                1308            242        18.50                171      60             157          71             109         113             134          91
2043 - VBM               1308            716        54.74                419     254             509         167             321         348             366         290
2044 2044                 993            169        17.02                109      47             113          44              74          79              99          53
2044 - VBM                993            562        56.60                322     216             388         146             286         243             342         189
2045 2045                1576            286        18.15                196      79             174          96             129         132             146         116
2045 - VBM               1576            858        54.44                470     336             572         226             424         374             465         326
2046 2046                1426            321        22.51                202      94             203          87             126         166             154         130
2046 - VBM               1426            710        49.79                406     267             486         183             322         336             350         316
2047 2047                 690            134        19.42                 83      46              86          41              63          63              70          57
2047 - VBM                690            321        46.52                171     132             214          83             143         155             158         140
3048 3048                 984            135        13.72                105      27             103          26              70          56              71          51
3048 - VBM                984            463        47.05                305     137             348          96             221         213             254         184
3049 3049                2427            427        17.59                333      72             306          97             202         187             222         165
3049 - VBM               2427           1141        47.01                792     306             861         232             583         501             580         496
3050 3050                1257            237        18.85                167      59             157          69              93         125             117         103
3050 - VBM               1257            637        50.68                363     250             400         208             343         259             354         250
3051 3051                1627            323        19.85                208      84             194          92             129         151             166         115
3051 - VBM               1627            768        47.20                524     199             526         186             355         347             403         293
3052 3052                1402            302        21.54                221      67             200          85             145         128             164         113
3052 - VBM               1402            663        47.29                469     171             484         153             301         329             347         284
3053 3053                1195            229        19.16                171      39             163          49              97         112             109          97
3053 - VBM               1195            496        41.51                395      77             411          61             222         244             256         217
3054 3054                1527            309        20.24                232      54             212          74             144         133             155         123
3054 - VBM               1527            695        45.51                476     170             488         155             299         333             336         291
3055 3055                1445            303        20.97                211      71             208          72             137         145             162         116
3055 - VBM               1445            709        49.07                481     188             528         135             303         353             354         306
3056 3056                1665            303        18.20                216      63             200          78             138         131             159         113
3056 - VBM               1665            756        45.41                518     206             550         168             313         400             380         329
3057 3057                1200            248        20.67                174      54             169          56             110         109             121          95
3057 - VBM               1200            570        47.50                380     160             419         116             259         269             274         255
3058 3058                1722              342      19.86                248      73             233          86             140         173             151         156
3058 - VBM               1722              846      49.13                608     201             634         179             406         404             439         357
3059 3059                1682              350      20.81                273      65             267          64             153         170             195         130
3059 - VBM               1682              747      44.41                516     200             560         147             352         352             379         317
3062 3062                1277              306      23.96                170     121             188          97             117         161             167         114
3062 - VBM               1277              658      51.53                342     286             409         220             304         310             359         256
3063 3063                 634              143      22.56                 55      84              69          67              65          69              83          52
3063 - VBM                634              377      59.46                129     234             190         168             188         172             241         121
3160 3160                 748              194      25.94                138      50             143          46              76         106             107          76
3160 - VBM                748              328      43.85                232      79             240          75             153         151             175         130
12/02/16 4:09 PM                                                   COUNTY OF MONTEREY Statement of Vote                                                         55 of 133
November 8,2016                                                      PRESIDENTIAL GENERAL ELECTION

                                                                                       CALIFORNIA




                                                               PROPOSITION 51




                                                                                       PROPOSITION 52




                                                                                                                   PROPOSITION 53




                                                                                                                                               PROPOSITION 54
                                  Ballots Cast
                   Registration




                                                 Turnout (%)




                                                               YES




                                                                                       YES




                                                                                                                   YES




                                                                                                                                               YES
                                                                                NO




                                                                                                        NO




                                                                                                                                    NO




                                                                                                                                                                NO
3260 3260                 446             15         3.36                 14       1               7           7               8           6               8           6
3260 - MBP                446            289        64.80                213      62             218          53             134         135             155         112
3260 - VBM                446              0         0.00                  0       0               0           0               0           0               0           0
3360 3360                 632            183        28.96                137      35             129          42              80          88              88          80
3360 - VBM                632            269        42.56                176      78             187          69             142         113             135         119
3460 3460                 672            167        24.85                140      19             129          31              80          78              84          75
3460 - VBM                672            249        37.05                205      31             185          54             122         112             120         114
3560 3560                 627             36         5.74                 22       7              22           9              17          12              21           9
3560 - MBP                627            448        71.45                275     146             313         108             214         194             257         152
3560 - VBM                627              0         0.00                  0       0               0           0               0           0               0           0
4064 4064                1168            297        25.43                168     110             201          75             102         169             153         116
4064 - VBM               1168            661        56.59                402     208             436         162             287         304             353         229
4065 4065                2497            585        23.43                393     137             383         139             272         236             335         176
4065 - VBM               2497           1177        47.14                737     342             739         324             578         477             669         401
4066 4066                1238            254        20.52                163      78             153          84             102         130             124         108
4066 - VBM               1238            540        43.62                321     172             365         123             219         266             275         210
4067 4067                1627            382        23.48                281      78             269          80             175         167             194         153
4067 - VBM               1627            846        52.00                569     237             642         163             382         404             446         344
4068 4068                1275            199        15.61                127      58             140          44              89          88             103          75
4068 - VBM               1275            735        57.65                464     240             546         153             279         417             360         338
4069 4069                1274            227        17.82                159      48             156          47             104          88             111          85
4069 - VBM               1274            619        48.59                452     144             487         101             300         282             315         266
4070 4070                1470            188        12.79                139      38             132          44              98          78             104          66
4070 - VBM               1470            680        46.26                507     136             512         121             266         366             314         319
4071 4071                1508            296        19.63                200      72             210          62             131         137             162         108
4071 - VBM               1508            779        51.66                538     187             568         157             335         383             392         325
4072 4072                 876            155        17.69                107      36             106          34              73          65              91          47
4072 - VBM                876            435        49.66                290     116             320          87             200         205             229         178
4073 4073                1385            297        21.44                188      84             181          90             137         131             154         113
4073 - VBM               1385            677        48.88                433     201             467         156             309         300             371         243
4074 4074                1764            382        21.66                232     128             249         106             173         170             222         121
4074 - VBM               1764            900        51.02                549     297             628         211             414         409             482         351
4075 4075                1245            293        23.53                184      89             199          72             147         115             176          84
4075 - VBM               1245            665        53.41                441     185             498         127             313         296             364         252
4076 4076                1388            319        22.98                200      96             203          87             144         139             171         117
4076 - VBM               1388            738        53.17                461     229             529         152             332         326             403         272
4077 4077                1607            332        20.66                230      74             233          71             153         139             173         116
4077 - VBM               1607            717        44.62                468     197             517         146             334         318             395         254
4078 4078                1626            301        18.51                179     100             201          72             146         125             170         101
4078 - VBM               1626            879        54.06                585     251             655         175             431         386             464         351
4079 4079                1600            336        21.00                215     105             213         105             154         155             185         125
4079 - VBM               1600            830        51.88                491     280             580         186             385         368             450         309
4080 4080                1197            322        26.90                225      76             229          72             162         124             195          92
4080 - VBM               1197            510        42.61                338     134             378          94             241         221             290         177
4081 4081                1566            426        27.20                310      88             312          79             193         187             264         117
4081 - VBM               1566            731        46.68                531     161             554         124             310         359             402         263
4082 4082                1597            192        12.02                126      59             128          53              94          86             127          53
4082 - VBM               1597            877        54.92                539     287             600         231             399         413             452         355
4083 4083                2219            358        16.13                233     110             237         103             154         177             196         137
4083 - VBM               2219           1237        55.75                740     417             855         288             562         566             668         463
4084 4084                1724            276        16.01                159     100             156          99             110         141             145         103
4084 - VBM               1724           1061        61.54                566     438             667         325             505         474             597         386
4085 4085                1149            182        15.84                 93      79             115          54              91          79             106          61
4085 - VBM               1149            759        66.06                417     292             502         203             340         355             442         247
4086 4086                 928            148        15.95                 88      53              95          42              66          72              87          53
4086 - VBM                928            547        58.94                289     229             352         161             261         245             310         189
4087 4087                1451            193        13.30                112      73             123          58              91          87             107          69
4087 - VBM               1451            925        63.75                519     351             633         243             414         447             507         350
4088 4088                 920            140        15.22                 70      66              82          52              58          74              83          47
4088 - VBM                920            605        65.76                307     261             400         170             277         280             320         241
4089 4089                1366            254        18.59                133     113             140         105             106         132             139          97
12/02/16 4:09 PM                                                   COUNTY OF MONTEREY Statement of Vote                                                         56 of 133
November 8,2016                                                      PRESIDENTIAL GENERAL ELECTION

                                                                                       CALIFORNIA




                                                               PROPOSITION 51




                                                                                       PROPOSITION 52




                                                                                                                   PROPOSITION 53




                                                                                                                                               PROPOSITION 54
                                  Ballots Cast
                   Registration




                                                 Turnout (%)




                                                               YES




                                                                                       YES




                                                                                                                   YES




                                                                                                                                               YES
                                                                                NO




                                                                                                        NO




                                                                                                                                    NO




                                                                                                                                                                NO
4089 - VBM               1366            813        59.52                453     322             515         250             364         387             437         316
4090 4090                1269            219        17.26                122      86             128          81              86         122             111          98
4090 - VBM               1269            763        60.13                403     321             501         224             362         354             432         285
5091 5091                1521            315        20.71                184     106             192          89             112         164             172         104
5091 - VBM               1521            877        57.66                536     283             653         161             341         458             471         328
5092 5092                1692            434        25.65                264     128             297          96             170         207             225         151
5092 - VBM               1692            862        50.95                529     259             633         148             378         381             481         287
5093 5093                2004            457        22.80                293     126             306         100             169         232             236         173
5093 - VBM               2004           1148        57.29                727     323             809         239             443         559             600         421
5094 5094                1542            366        23.74                223     108             219         103             145         171             194         124
5094 - VBM               1542            854        55.38                521     287             605         203             374         423             464         334
5095 5095                1473            367        24.92                216     115             243          86             162         154             197         118
5095 - VBM               1473            744        50.51                487     208             541         143             320         351             392         286
5096 5096                 991            151        15.24                 82      61              92          45              49          86              71          61
5096 - VBM                991            673        67.91                364     265             454         169             282         332             365         252
5097 5097                1210            245        20.25                131      93             148          71              84         132             122          90
5097 - VBM               1210            768        63.47                446     263             541         164             308         382             411         280
5098 5098                1341            264        19.69                159      85             175          61              87         140             132          97
5098 - VBM               1341            858        63.98                527     270             621         167             348         432             488         300
5099 5099                1282            275        21.45                152      96             169          75             104         138             131         110
5099 - VBM               1282            844        65.83                484     303             592         186             325         445             442         331
5100 5100                2122            483        22.76                288     150             320         107             197         219             272         151
5100 - VBM               2122           1216        57.30                695     422             811         293             498         592             680         412
5101 5101                1595            299        18.75                186      87             202          62             114         148             162         100
5101 - VBM               1595           1045        65.52                610     367             751         223             408         551             588         377
5102 5102                1546            339        21.93                201     109             221          85             125         171             187         108
5102 - VBM               1546            932        60.28                545     309             663         189             346         498             487         351
5103 5103                1466            319        21.76                199     101             236          58              94         197             162         129
5103 - VBM               1466            933        63.64                538     318             658         188             336         488             501         325
5104 5104                1335            302        22.62                187      86             183          79             102         157             162         100
5104 - VBM               1335            790        59.18                443     269             550         162             313         386             422         281
5105 5105                1427            315        22.07                187     109             225          58              99         174             164         112
5105 - VBM               1427            886        62.09                527     270             631         158             320         455             475         299
5106 5106                1443            330        22.87                214      87             236          60             132         153             169         126
5106 - VBM               1443            830        57.52                440     318             578         187             296         440             455         293
5107 5107                1353            319        23.58                211      85             220          66             122         159             174         106
5107 - VBM               1353            824        60.90                496     264             562         188             285         456             407         342
5108 5108                1951            373        19.12                191     154             233         105             179         157             218         115
5108 - VBM               1951           1305        66.89                694     539             875         353             614         587             777         436
5109 5109                1354            255        18.83                130     107             149          85             106         115             148          74
5109 - VBM               1354            915        67.58                498     350             578         257             461         371             574         257
5110 5110                1334            365        27.36                211     119             233          92             133         187             179         135
5110 - VBM               1334            813        60.94                462     296             556         192             327         414             451         289
5111 5111                1295            306        23.63                176     103             189          84             103         163             160         108
5111 - VBM               1295            805        62.16                495     263             542         201             363         377             494         251
5112 5112                1250            263        21.04                154      99             169          76             103         138             140          94
5112 - VBM               1250            797        63.76                465     278             547         180             343         375             449         276
5113 5113                1752            404        23.06                227     148             245         123             163         189             223         144
5113 - VBM               1752           1087        62.04                644     376             771         240             482         511             621         373
5114 5114                1282            269        20.98                149     101             172          76              99         143             157          87
5114 - VBM               1282            852        66.46                509     289             616         170             353         417             475         297
5115 5115                 756              108      14.29                 57      41              70          30              40          59              56          39
5115 - VBM                756              544      71.96                298     209             381         118             229         264             317         178
5116 5116                1257              237      18.85                129      89             154          57              88         118             132          69
5116 - VBM               1257              812      64.60                447     311             543         218             372         376             527         220
5117 5117                1452              302      20.80                173     110             204          75             120         158             164         110
5117 - VBM               1452              939      64.67                554     333             645         231             434         427             553         309
5118 5118                1253              237      18.91                144      78             168          55              92         121             144          72
5118 - VBM               1253              859      68.56                483     335             572         236             363         437             504         293
5119 5119                1025              247      24.10                140      91             170          57              89         128             137          79
5119 - VBM               1025              621      60.59                394     191             450         127             242         323             326         239
12/02/16 4:09 PM                                                    COUNTY OF MONTEREY Statement of Vote                                                                       57 of 133
November 8,2016                                                       PRESIDENTIAL GENERAL ELECTION

                                                                                                  CALIFORNIA




                                                                PROPOSITION 51




                                                                                                  PROPOSITION 52




                                                                                                                                 PROPOSITION 53




                                                                                                                                                              PROPOSITION 54
                                   Ballots Cast
                   Registration




                                                  Turnout (%)




                                                                YES




                                                                                                  YES




                                                                                                                                 YES




                                                                                                                                                              YES
                                                                                 NO




                                                                                                                   NO




                                                                                                                                                  NO




                                                                                                                                                                               NO
5120 5120                1211             298        24.61                184      99                     205        73              108            163             169             102
5120 - VBM               1211             740        61.11                438     248                     502      181               297            375             402             264
5121 5121                 501             166        33.13                118      37                     121        33               55             95              82              67
5121 - VBM                501             221        44.11                156      54                     165        32               78            113             123              76
5122 5122                 592             134        22.64                 70      52                      81        41               44             75              74              44
5122 - VBM                592             361        60.98                181     154                     233      103               146            188             191             140
5123 5123                1212             193        15.92                 91      85                     111        63               82             85             108              61
5123 - VBM               1212             836        68.98                387     402                     494      277               402            367             503             266
5124 5124                1915             318        16.61                153     143                     173      121               121            170             166             120
5124 - VBM               1915            1320        68.93                697     560                     826      412               585            649             770             473
5125 5125                1594             152         9.54                 68      70                      80        56               54             80              77              57
5125 - VBM               1594            1080        67.75                495     524                     680      329               523            474             612             381
5126 5126                1690             290        17.16                131     133                     139      122               102            154             144             105
5126 - VBM               1690            1129        66.80                541     532                     652      389               513            519             605             433
5127 5127                1436             224        15.60                106     110                     135        84               98            116             140              72
5127 - VBM               1436             961        66.92                459     458                     552      356               503            397             553             342
9101 - MBP                 45              31        68.89                 21       8                      19         9               20              9              25               3
9101 - VBM                 45               0         0.00                  0       0                       0         0                 0             0                0              0
9102 - MBP                240             186        77.50                123      51                     130        47              104             69             123              49
9102 - VBM                240               0         0.00                  0       0                       0         0                 0             0                0              0
9103 - MBP                104              86        82.69                 50      30                      62        19               42             38              42              37
9103 - VBM                104               0         0.00                  0       0                       0         0                 0             0                0              0
9204 - MBP                  0               0         0.00                  0       0                       0         0                 0             0                0              0
9204 - VBM                  0               0         0.00                  0       0                       0         0                 0             0                0              0
9205 - MBP                 10               2        20.00                  2       ***********
                                                                                    0                   Insufficient
                                                                                                            2        Turnout
                                                                                                                      0      to Protect 0Voter     Privacy
                                                                                                                                                      0      ********* 2              0
9205 - VBM                 10               0         0.00                  0       0                       0         0                 0             0                0              0
9206 - MBP                  0               0         0.00                  0       0                       0         0                 0             0                0              0
9206 - VBM                  0               0         0.00                  0       0                       0         0                 0             0                0              0
9207 - MBP                378             285        75.40                177      90                     198        64              130            129             169              94
9207 - VBM                378               0         0.00                  0       0                       0         0                 0             0                0              0
9208 - MBP                 51              47        92.16                 17      30                      28        19               27             19              32              14
9208 - VBM                 51               0         0.00                  0       0                       0         0                 0             0                0              0
9209 - MBP                 96              82        85.42                 41      36                      51        25               48             27              48              27
9209 - VBM                 96               0         0.00                  0       0                       0         0                 0             0                0              0
9210 - MBP                 32              27        84.38                 13      13                      14        12               12             12              17               6
9210 - VBM                 32               0         0.00                  0       0                       0         0                 0             0                0              0
9211 - MBP                 45              31        68.89                 15      14                      11        18               15             13              10              19
9211 - VBM                 45               0         0.00                  0       0                       0         0                 0             0                0              0
9212 - MBP                162             138        85.19                 67      62                      83        46               61             69              64              66
9212 - VBM                162               1         0.62                  1       ***********
                                                                                    0                   Insufficient
                                                                                                            1        Turnout
                                                                                                                      0      to Protect 0Voter     Privacy
                                                                                                                                                      1      ********* 1              0
9213 - MBP                 42              28        66.67                 12      14                      16         9               14             10              12              11
9213 - VBM                 42               1         2.38                  0       ***********
                                                                                    1                   Insufficient
                                                                                                            0        Turnout
                                                                                                                      1      to Protect 1Voter     Privacy
                                                                                                                                                      0      ********* 1              0
9214 - MBP                175             130        74.29                 64      58                      87        37               75             43              84              36
9214 - VBM                175               0         0.00                  0       0                       0         0                 0             0                0              0
9215 - MBP                 69              35        50.72                 23      10                      21        12               13             21              15              17
9215 - VBM                 69               0         0.00                  0       0                       0         0                 0             0                0              0
9216 - MBP                 70              59        84.29                 19      37                      33        23               30             24              42              12
9216 - VBM                 70               0         0.00                  0       0                       0         0                 0             0                0              0
9217 - MBP                 36              34        94.44                 11      20                      18        14               16             14              18              14
9217 - VBM                 36               0         0.00                  0       0                       0         0                 0             0                0              0
9218 - MBP                  1               0         0.00                  0       0                       0         0                 0             0                0              0
9218 - VBM                     1              0       0.00                  0       0                       0         0                 0         0                    0              0
9319 - MBP                   525            462      88.00                234     205                     304      132               209        215                 242             185
9319 - VBM                   525              1       0.19                  1       ***********
                                                                                    0                   Insufficient
                                                                                                            1        Turnout
                                                                                                                      0      to Protect 0Voter Privacy
                                                                                                                                                  0          ********* 0              1
9320 - MBP                     0              0       0.00                  0       0                       0         0                 0         0                    0              0
9320 - VBM                     0              0       0.00                  0       0                       0         0                 0         0                    0              0
9321 - MBP                    18             17      94.44                  4      13                      10         7                 8         8                  12               4
9321 - VBM                    18              0       0.00                  0       0                       0         0                 0         0                    0              0
9322 - MBP                   226            178      78.76                 80      85                     101        64               88         71                  96              65
9322 - VBM                   226              0       0.00                  0       0                       0         0                 0         0                    0              0
9323 - MBP                    17             16      94.12                  7       9                       7         9                 4        12                    9              6
12/02/16 4:09 PM                                                    COUNTY OF MONTEREY Statement of Vote                                                                       58 of 133
November 8,2016                                                       PRESIDENTIAL GENERAL ELECTION

                                                                                                  CALIFORNIA




                                                                PROPOSITION 51




                                                                                                  PROPOSITION 52




                                                                                                                                 PROPOSITION 53




                                                                                                                                                              PROPOSITION 54
                                   Ballots Cast
                   Registration




                                                  Turnout (%)




                                                                YES




                                                                                                  YES




                                                                                                                                 YES




                                                                                                                                                              YES
                                                                                 NO




                                                                                                                   NO




                                                                                                                                                  NO




                                                                                                                                                                               NO
9323 - VBM                    17              0     0.00                    0       0                       0         0                 0         0                    0              0
9324 - MBP                   116             90    77.59                   47      36                      51        33               32         51                  40              42
9324 - VBM                   116              0     0.00                    0       0                       0         0                 0         0                    0              0
9325 - MBP                    61             53    86.89                   25      25                      33        15               26         23                  39              11
9325 - VBM                    61              0     0.00                    0       0                       0         0                 0         0                    0              0
9326 - MBP                   196            135    68.88                   57      73                      78        49               68         58                  74              55
9326 - VBM                   196              0     0.00                    0       0                       0         0                 0         0                    0              0
9327 - MBP                    47             40    85.11                   19      17                      23        13               26          9                  23              13
9327 - VBM                    47              0     0.00                    0       0                       0         0                 0         0                    0              0
9328 - MBP                   220            162    73.64                   87      68                      94        58               66         90                  87              68
9328 - VBM                   220              0     0.00                    0       0                       0         0                 0         0                    0              0
9329 - MBP                   137             99    72.26                   53      38                      55        35               46         43                  63              30
9329 - VBM                   137              0     0.00                    0       0                       0         0                 0         0                    0              0
9330 - MBP                    31             23    74.19                   14       8                      15         8               11         12                  12              11
9330 - VBM                    31              0     0.00                    0       0                       0         0                 0         0                    0              0
9331 - MBP                    44             37    84.09                   17      19                      18        17               17         17                  25               9
9331 - VBM                    44              0     0.00                    0       0                       0         0                 0         0                    0              0
9332 - MBP                   279            229    82.08                  103     114                     128        86              121         94                 134              81
9332 - VBM                   279              0     0.00                    0       0                       0         0                 0         0                    0              0
9333 - MBP                   165            141    85.45                   63      74                      87        50               87         47                  95              40
9333 - VBM                   165              0     0.00                    0       0                       0         0                 0         0                    0              0
9334 - MBP                    40             33    82.50                   12      21                      15        18               18         15                  22              11
9334 - VBM                    40              0     0.00                    0       0                       0         0                 0         0                    0              0
9335 - MBP                     9              6    66.67                    4       ***********
                                                                                    2                   Insufficient
                                                                                                            5        Turnout
                                                                                                                      1      to Protect 4Voter Privacy
                                                                                                                                                  2          ********* 6              0
9335 - VBM                     9              0     0.00                    0       0                       0         0                 0         0                    0              0
9336 - MBP                   202            154    76.24                   80      66                      92        50               91         51                 102              39
9336 - VBM                   202              0     0.00                    0       0                       0         0                 0         0                    0              0
9337 - MBP                   174            138    79.31                   46      82                      63        63               82         43                  75              52
9337 - VBM                   174              0     0.00                    0       0                       0         0                 0         0                    0              0
9338 - MBP                    24             19    79.17                    5      12                      13         5               10          6                    9              9
9338 - VBM                    24              0     0.00                    0       0                       0         0                 0         0                    0              0
9339 - MBP                   106             93    87.74                   38      47                      43        42               46         37                  50              34
9339 - VBM                   106              0     0.00                    0       0                       0         0                 0         0                    0              0
9340 - MBP                    89             72    80.90                   21      50                      31        38               37         34                  40              31
9340 - VBM                    89              0     0.00                    0       0                       0         0                 0         0                    0              0
9441 - MBP                    11             11   100.00                    7       4                      10         1                 5         5                    8              3
9441 - VBM                    11              0     0.00                    0       0                       0         0                 0         0                    0              0
9442 - MBP                     2              2   100.00                    0       ***********
                                                                                    0                   Insufficient
                                                                                                            0        Turnout
                                                                                                                      0      to Protect 0Voter Privacy
                                                                                                                                                  0          ********* 0              0
9442 - VBM                     2              0     0.00                    0       0                       0         0                 0         0                    0              0
9443 - MBP                     0              0     0.00                    0       0                       0         0                 0         0                    0              0
9443 - VBM                     0              0     0.00                    0       0                       0         0                 0         0                    0              0
9444 - MBP                    46             35    76.09                   16      18                      22        12               18         16                  23              11
9444 - VBM                    46              0     0.00                    0       0                       0         0                 0         0                    0              0
9445 - MBP                   131             96    73.28                   51      41                      72        20               43         49                  50              41
9445 - VBM                   131              0     0.00                    0       0                       0         0                 0         0                    0              0
9446 - MBP                    16              9    56.25                    5       ***********
                                                                                    4                   Insufficient
                                                                                                            9        Turnout
                                                                                                                      0      to Protect 6Voter Privacy
                                                                                                                                                  3          ********* 7              1
9446 - VBM                    16              0     0.00                    0       0                       0         0                 0         0                    0              0
9447 - MBP                    14             13    92.86                    4       7                       4         7               10          1                    9              2
9447 - VBM                    14              0     0.00                    0       0                       0         0                 0         0                    0              0
9448 - MBP                     0              0     0.00                    0       0                       0         0                 0         0                    0              0
9448 - VBM                     0              0     0.00                    0       0                       0         0                 0         0                    0              0
9449 - MBP                   392            345      88.01                199     126                       237         89                 171         144              208         114
9449 - VBM                   392              0       0.00                  0       0                         0          0                   0           0                0           0
9450 - MBP                   207            161      77.78                 99      48                       108         38                  86          60              106          40
9450 - VBM                   207              0       0.00                  0       0                         0          0                   0           0                0           0
9451 - MBP                   113             60      53.10                 41       9                        36         11                  34          14               37          12
9451 - VBM                   113              0       0.00                  0       0                         0          0                   0           0                0           0
9452 - MBP                    62             39      62.90                 32       4                        27          6                  20          11               26           7
9452 - VBM                    62              0       0.00                  0       0                         0          0                   0           0                0           0
9553 - MBP                   237            160      67.51                 93      52                        96         47                  88          49              113          29
9553 - VBM                   237              0       0.00                  0       0                         0          0                   0           0                0           0
12/02/16 4:09 PM                                                               COUNTY OF MONTEREY Statement of Vote                                                          59 of 133
 November 8,2016                                                                 PRESIDENTIAL GENERAL ELECTION

                                                                                                    CALIFORNIA




                                                                           PROPOSITION 51




                                                                                                    PROPOSITION 52




                                                                                                                                PROPOSITION 53




                                                                                                                                                            PROPOSITION 54
                                              Ballots Cast
                              Registration




                                                             Turnout (%)




                                                                           YES




                                                                                                    YES




                                                                                                                                YES




                                                                                                                                                            YES
                                                                                            NO




                                                                                                                     NO




                                                                                                                                                 NO




                                                                                                                                                                             NO
9554 - MBP                              490            426      86.94                247      151             304          91             188         199             251         135
9554 - VBM                              490              0       0.00                  0        0               0           0               0           0               0           0
9555 - MBP                              293            259      88.40                152       90             185          55             121         117             161          80
9555 - VBM                              293              0       0.00                  0        0               0           0               0           0               0           0
9556 - MBP                              501            440      87.82                197      209             255         146             210         184             291         107
9556 - VBM                              501              0       0.00                  0        0               0           0               0           0               0           0
9557 - MBP                              740            633      85.54                315      272             400         181             337         243             395         181
9557 - VBM                              740              0       0.00                  0        0               0           0               0           0               0           0
9558 - MBP                              455            414      90.99                177      217             242         145             200         188             239         150
9558 - VBM                              455              0       0.00                  0        0               0           0               0           0               0           0
9559 - MBP                              841            760      90.37                446      264             520         178             331         358             457         244
9559 - VBM                              841              0       0.00                  0        0               0           0               0           0               0           0
9560 - MBP                              333            281      84.38                178       88             209          50             115         144             177          85
9560 - VBM                              333              0       0.00                  0        0               0           0               0           0               0           0
9561 - MBP                              224            164      73.21                 89       56             108          37              64          75              87          56
9561 - VBM                              224              0       0.00                  0        0               0           0               0           0               0           0
9562 - MBP                              128            106      82.81                 47       52              59          40              55          41              60          35
9562 - VBM                              128              0       0.00                  0        0               0           0               0           0               0           0
9563 - MBP                               16             13      81.25                  7        5               7           5              10           2               9           3
9563 - VBM                               16              0       0.00                  0        0               0           0               0           0               0           0
9564 - MBP                               81             67      82.72                 37       26              46          13              26          32              41          19
9564 - VBM                               81              0       0.00                  0        0               0           0               0           0               0           0
9565 - MBP                               80             69      86.25                 23       39              30          29              31          30              37          24
9565 - VBM                               80              0       0.00                  0        0               0           0               0           0               0           0
9567 - MBP                              164            145      88.41                 55       77              76          55              80          48              91          38
9567 - VBM                              164              0       0.00                  0        0               0           0               0           0               0           0


Precinct Totals               175927            34506           19.61           21837       10387        22580        9238           14626       16458           18489       12598


MBP Totals                      10932               8843        80.89             4676       3604          5632       2564             4301       3777             5253       2882


VBM Totals                    185786            93753           50.46           56789       31521        65084       22571           42280       44124           50793       35800


Grand Totals                  175927          137102            77.93           83302       45512        93296       34373           61207       64359           74535       51280
CALIFORNIA                    175927          137102            77.93           83302       45512        93296       34373           61207       64359           74535       51280
20th CONGRESS                 175927          137102            77.93           83302       45512        93296       34373           61207       64359           74535       51280
12th SENATORIAL DISTRICT       77080           53533            69.45           34709       15914        37266       13064           24650       24867           28328       21180
17th SENATORIAL DISTRICT       98847           83569            84.54           48593       29598        56030       21309           36557       39492           46207       30100
29th ASSEMBLY DISTRICT         92492           76834            83.07           45232       26581        51988       19051           33472       36345           42320       27731
30th ASSEMBLY DISTRICT         83435           60268            72.23           38070       18931        41308       15322           27735       28014           32215       23549
2ND DIST, BOARD OF EQUALIZA   175927          137102            77.93           83302       45512        93296       34373           61207       64359           74535       51280
1ST SUPERVISORIAL DISTRICT     24156           15295            63.32           10521        3920        10974        3378            7043        7079            7991        6135
2ND SUPERVISORIAL DISTRICT     38213           28179            73.74           16576       10173        18805        7770           13196       12971           15225       11001
3RD SUPERVISORIAL DISTRICT     23169           17859            77.08           11651        5290        12317        4523            8312        8269            9403        7169
4TH SUPERVISORIAL DISTRICT     38934           29030            74.56           18100        9130        19945        7051           13203       13324           15801       10783
5TH SUPERVISORIAL DISTRICT     51455           46739            90.83           26454       16999        31255       11651           19453       22716           26115       16192
CARMEL-BY-THE-SEA               2629            2289            87.07            1344         781         1520         569             926        1141            1284         783
DEL REY OAKS                    1168             958            82.02             570         318          637         237             389         473             506         345
GONZALES                        3029            2056            67.88            1422         521         1404         516             930         955            1080         805
GREENFIELD                      4604            3103            67.40            2199         753         2282         648            1420        1477            1559        1310
KING CITY                       3125            2178            69.70            1552         508         1573         494            1026         995            1150         873
MARINA                          10427            7563           72.53            4830        2245         5339        1682            3549        3302            4166        2729
MONTEREY                        15178           12361           81.44            7401        4003         8517        2753            4984        6047            6659        4439
PACIFIC GROVE                   10165            8463           83.26            4984        2779         5916        1763            3092        4433            4515        3049
SALINAS                         57347           38852           67.75           24833       11892        26968        9535           17912       18007           20688       15226
SAND CITY                           0             161            0.00              99          48          108          38              86          60             106          40
SEASIDE                         13150            9131           69.44            6109        2413         6412        2020            4083        4234            4786        3567
SOLEDAD                          5832            3800           65.16            2700         868         2760         792            1653        1851            1911        1592
UNINCORPORATED COUNTY A         49273           46187           93.74           25259       18383        29860       13326           21157       21384           26125       16522
SALINAS DISTRICT 1               6920            4545           65.68            3155        1153         3237        1016            2106        2091            2436        1775
SALINAS DISTRICT 2               6582            3936           59.80            2862         887         2965         775            1881        1788            2001        1661
12/02/16 4:09 PM                                                       COUNTY OF MONTEREY Statement of Vote                                                    60 of 133
November 8,2016                                                          PRESIDENTIAL GENERAL ELECTION

***Grand Totals                                                                             CALIFORNIA




                                                                   PROPOSITION 51




                                                                                            PROPOSITION 52




                                                                                                                     PROPOSITION 53




                                                                                                                                              PROPOSITION 54
                                      Ballots Cast
                       Registration




                                                     Turnout (%)




                                                                   YES




                                                                                            YES




                                                                                                                     YES




                                                                                                                                              YES
                                                                                    NO




                                                                                                             NO




                                                                                                                                      NO




                                                                                                                                                               NO
SALINAS DISTRICT 3       13681          10274           75.10             5857       3849          6745       2904          4665       4837          5666       3818
SALINAS DISTRICT 4        8230           5236           63.62             3559       1373          3722       1183          2381       2445          2727       2083
SALINAS DISTRICT 5        9812           6414           65.37             4168       1890          4495       1539          2988       2937          3441       2502
SALINAS DISTRICT 6       12122           8633           71.22             5355       2791          5934       2165          3995       3978          4540       3436
KING CITY DISTRICT 1       748            522           69.79              370        129           383        121           229        257           282        206
KING CITY DISTRICT 2       446            304           68.16              227         63           225         60           142        141           163        118
KING CITY DISTRICT 3       632            452           71.52              313        113           316        111           222        201           223        199
KING CITY DISTRICT 4       672            416           61.90              345         50           314         85           202        190           204        189
KING CITY DISTRICT 5       627            484           77.19              297        153           335        117           231        206           278        161
