12/02/16 4:09 PM                                               COUNTY OF MONTEREY Statement of Vote       85 of 133
November 8,2016                                                  PRESIDENTIAL GENERAL ELECTION

                                                                            NON-PARTISAN PROPOSITION 67




                                  Ballots Cast
                   Registration




                                                 Turnout (%)




                                                               YES


                                                                       NO
1001 1001                1305            258        19.77        151     91
1001 - VBM               1305            485        37.16        327    129
1002 1002                1533            257        16.76        169     79
1002 - VBM               1533            649        42.34        432    192
1003 1003                 966            154        15.94         93     50
1003 - VBM                966            458        47.41        304    133
1004 1004                 767            144        18.77         78     54
1004 - VBM                767            303        39.50        197     87
1005 1005                 836            132        15.79         83     41
1005 - VBM                836            355        42.46        246     86
1006 1006                1568            176        11.22        104     56
1006 - VBM               1568            660        42.09        452    179
1007 1007                1058            177        16.73        106     61
1007 - VBM               1058            482        45.56        312    140
1008 1008                1305            216        16.55        115     78
1008 - VBM               1305            567        43.45        329    215
1009 1009                2197            436        19.85        228    170
1009 - VBM               2197            986        44.88        561    364
1010 1010                 970            173        17.84        109     49
1010 - VBM                970            454        46.80        268    149
1011 1011                1589            232        14.60        144     70
1011 - VBM               1589            788        49.59        523    228
1012 1012                1399            242        17.30        150     72
1012 - VBM               1399            588        42.03        347    200
1013 1013                1778            371        20.87        189    136
1013 - VBM               1778            828        46.57        476    294
1014 1014                1503            258        17.17        138     95
1014 - VBM               1503            630        41.92        344    236
1015 1015                 792            163        20.58         98     61
1015 - VBM                792            342        43.18        208    111
1016 1016                1968            327        16.62        179    123
1016 - VBM               1968            969        49.24        579    338
1017 1017                 585            106        18.12         61     41
1017 - VBM                585            273        46.67        159    103
1018 1018                2037            343        16.84        193    132
1018 - VBM               2037           1010        49.58        578    380
2019 2019                 537            156        29.05         89     46
2019 - VBM                537            199        37.06        132     55
2020 2020                1925            385        20.00        230    126
2020 - VBM               1925            969        50.34        628    305
2021 2021                1282            320        24.96        183    117
2021 - VBM               1282            603        47.04        385    186
2022 2022                1672            447        26.73        240    182
2022 - VBM               1672            901        53.89        526    336
2023 2023                2008            398        19.82        228    146
2023 - VBM               2008           1056        52.59        663    338
2024 2024                1961            334        17.03        203    110
2024 - VBM               1961           1176        59.97        684    432
2025 2025                2165            422        19.49        248    145
2025 - VBM               2165            933        43.09        597    286
2027 2027                1449            306        21.12        160    128
2027 - VBM               1449            833        57.49        471    323
2028 2028                1258            242        19.24        120    108
2028 - VBM               1258            739        58.74        390    314
2029 2029                1659            286        17.24        144    133
2029 - VBM               1659           1009        60.82        500    456
2030 2030                1636            375        22.92        198    157
2030 - VBM               1636            952        58.19        512    382
2031 2031                 878            213        24.26        107     98
2031 - VBM                878            460        52.39        253    184
2032 2032                1170            200        17.09        110     79
12/02/16 4:09 PM                                               COUNTY OF MONTEREY Statement of Vote       86 of 133
November 8,2016                                                  PRESIDENTIAL GENERAL ELECTION

                                                                            NON-PARTISAN PROPOSITION 67




                                  Ballots Cast
                   Registration




                                                 Turnout (%)




                                                               YES


                                                                       NO
2032 - VBM               1170            580        49.57        323    231
2033 2033                 716            140        19.55         76     53
2033 - VBM                716            302        42.18        198     84
2034 2034                2426            419        17.27        269    118
2034 - VBM               2426           1224        50.45        764    382
2035 2035                 770            164        21.30         87     62
2035 - VBM                770            390        50.65        214    157
2036 2036                1639            308        18.79        191    109
2036 - VBM               1639            732        44.66        438    252
2037 2037                1463            287        19.62        149    110
2037 - VBM               1463            655        44.77        407    214
2038 2038                 740            120        16.22         57     56
2038 - VBM                740            418        56.49        223    175
2039 2039                1526            260        17.04        164     83
2039 - VBM               1526            744        48.75        461    237
2040 2040                 852            147        17.25         75     58
2040 - VBM                852            449        52.70        255    169
2041 2041                1105            195        17.65        116     67
2041 - VBM               1105            590        53.39        376    182
2042 2042                1383            239        17.28        144     82
2042 - VBM               1383            683        49.39        402    242
2043 2043                1308            242        18.50        130     94
2043 - VBM               1308            716        54.74        405    276
2044 2044                 993            169        17.02        100     59
2044 - VBM                993            562        56.60        355    178
2045 2045                1576            286        18.15        164    105
2045 - VBM               1576            858        54.44        512    308
2046 2046                1426            321        22.51        184    117
2046 - VBM               1426            710        49.79        417    266
2047 2047                 690            134        19.42         68     57
2047 - VBM                690            321        46.52        191    116
3048 3048                 984            135        13.72         90     37
3048 - VBM                984            463        47.05        298    139
3049 3049                2427            427        17.59        248    139
3049 - VBM               2427           1141        47.01        749    346
3050 3050                1257            237        18.85        140     86
3050 - VBM               1257            637        50.68        323    276
3051 3051                1627            323        19.85        179    104
3051 - VBM               1627            768        47.20        462    258
3052 3052                1402            302        21.54        168    117
3052 - VBM               1402            663        47.29        433    210
3053 3053                1195            229        19.16        127     79
3053 - VBM               1195            496        41.51        332    135
3054 3054                1527            309        20.24        152    111
3054 - VBM               1527            695        45.51        450    203
3055 3055                1445            303        20.97        166    118
3055 - VBM               1445            709        49.07        438    230
3056 3056                1665            303        18.20        172    104
3056 - VBM               1665            756        45.41        468    246
3057 3057                1200            248        20.67        139     79
3057 - VBM               1200            570        47.50        341    195
3058 3058                1722              342      19.86        177    134
3058 - VBM               1722              846      49.13        538    270
3059 3059                1682              350      20.81        205    118
3059 - VBM               1682              747      44.41        463    238
3062 3062                1277              306      23.96        128    154
3062 - VBM               1277              658      51.53        286    330
3063 3063                 634              143      22.56         44     93
3063 - VBM                634              377      59.46        132    224
3160 3160                 748              194      25.94         92     95
3160 - VBM                748              328      43.85        190    114
12/02/16 4:09 PM                                               COUNTY OF MONTEREY Statement of Vote       87 of 133
November 8,2016                                                  PRESIDENTIAL GENERAL ELECTION

                                                                            NON-PARTISAN PROPOSITION 67




                                  Ballots Cast
                   Registration




                                                 Turnout (%)




                                                               YES


                                                                       NO
3260 3260                 446             15         3.36         11      8
3260 - MBP                446            289        64.80        167    106
3260 - VBM                446              0         0.00          0      0
3360 3360                 632            183        28.96        108     65
3360 - VBM                632            269        42.56        144    114
3460 3460                 672            167        24.85         99     62
3460 - VBM                672            249        37.05        160     73
3560 3560                 627             36         5.74         19     14
3560 - MBP                627            448        71.45        223    186
3560 - VBM                627              0         0.00          0      0
4064 4064                1168            297        25.43        186     97
4064 - VBM               1168            661        56.59        386    235
4065 4065                2497            585        23.43        368    172
4065 - VBM               2497           1177        47.14        655    437
4066 4066                1238            254        20.52        150     89
4066 - VBM               1238            540        43.62        280    220
4067 4067                1627            382        23.48        232    118
4067 - VBM               1627            846        52.00        517    283
4068 4068                1275            199        15.61        110     72
4068 - VBM               1275            735        57.65        447    255
4069 4069                1274            227        17.82        125     73
4069 - VBM               1274            619        48.59        389    195
4070 4070                1470            188        12.79        107     61
4070 - VBM               1470            680        46.26        441    207
4071 4071                1508            296        19.63        150    114
4071 - VBM               1508            779        51.66        478    260
4072 4072                 876            155        17.69         89     53
4072 - VBM                876            435        49.66        263    142
4073 4073                1385            297        21.44        164    108
4073 - VBM               1385            677        48.88        399    237
4074 4074                1764            382        21.66        208    134
4074 - VBM               1764            900        51.02        522    327
4075 4075                1245            293        23.53        159    108
4075 - VBM               1245            665        53.41        411    211
4076 4076                1388            319        22.98        175    118
4076 - VBM               1388            738        53.17        480    205
4077 4077                1607            332        20.66        199    105
4077 - VBM               1607            717        44.62        424    241
4078 4078                1626            301        18.51        166    108
4078 - VBM               1626            879        54.06        542    287
4079 4079                1600            336        21.00        190    130
4079 - VBM               1600            830        51.88        471    302
4080 4080                1197            322        26.90        209     94
4080 - VBM               1197            510        42.61        340    137
4081 4081                1566            426        27.20        307     83
4081 - VBM               1566            731        46.68        543    142
4082 4082                1597            192        12.02        106     75
4082 - VBM               1597            877        54.92        506    324
4083 4083                2219            358        16.13        203    137
4083 - VBM               2219           1237        55.75        724    415
4084 4084                1724            276        16.01        148    118
4084 - VBM               1724           1061        61.54        543    455
4085 4085                1149            182        15.84         90     81
4085 - VBM               1149            759        66.06        404    311
4086 4086                 928            148        15.95         83     58
4086 - VBM                928            547        58.94        293    218
4087 4087                1451            193        13.30         96     83
4087 - VBM               1451            925        63.75        495    372
4088 4088                 920            140        15.22         81     54
4088 - VBM                920            605        65.76        316    250
4089 4089                1366            254        18.59        135    106
12/02/16 4:09 PM                                               COUNTY OF MONTEREY Statement of Vote       88 of 133
November 8,2016                                                  PRESIDENTIAL GENERAL ELECTION

                                                                            NON-PARTISAN PROPOSITION 67




                                  Ballots Cast
                   Registration




                                                 Turnout (%)




                                                               YES


                                                                       NO
4089 - VBM               1366            813        59.52        418    336
4090 4090                1269            219        17.26        109    103
4090 - VBM               1269            763        60.13        381    343
5091 5091                1521            315        20.71        201     93
5091 - VBM               1521            877        57.66        617    217
5092 5092                1692            434        25.65        287    108
5092 - VBM               1692            862        50.95        556    245
5093 5093                2004            457        22.80        305    119
5093 - VBM               2004           1148        57.29        783    289
5094 5094                1542            366        23.74        217    116
5094 - VBM               1542            854        55.38        534    275
5095 5095                1473            367        24.92        228    106
5095 - VBM               1473            744        50.51        470    228
5096 5096                 991            151        15.24         90     51
5096 - VBM                991            673        67.91        404    235
5097 5097                1210            245        20.25        127     98
5097 - VBM               1210            768        63.47        484    241
5098 5098                1341            264        19.69        168     72
5098 - VBM               1341            858        63.98        543    273
5099 5099                1282            275        21.45        167     87
5099 - VBM               1282            844        65.83        540    252
5100 5100                2122            483        22.76        303    136
5100 - VBM               2122           1216        57.30        764    359
5101 5101                1595            299        18.75        197     79
5101 - VBM               1595           1045        65.52        714    270
5102 5102                1546            339        21.93        219     92
5102 - VBM               1546            932        60.28        637    228
5103 5103                1466            319        21.76        218     83
5103 - VBM               1466            933        63.64        635    220
5104 5104                1335            302        22.62        218     60
5104 - VBM               1335            790        59.18        561    177
5105 5105                1427            315        22.07        198     91
5105 - VBM               1427            886        62.09        618    190
5106 5106                1443            330        22.87        219     90
5106 - VBM               1443            830        57.52        528    248
5107 5107                1353            319        23.58        211     88
5107 - VBM               1353            824        60.90        565    196
5108 5108                1951            373        19.12        202    151
5108 - VBM               1951           1305        66.89        774    462
5109 5109                1354            255        18.83        131    108
5109 - VBM               1354            915        67.58        454    399
5110 5110                1334            365        27.36        219    113
5110 - VBM               1334            813        60.94        539    225
5111 5111                1295            306        23.63        189     88
5111 - VBM               1295            805        62.16        480    276
5112 5112                1250            263        21.04        146     96
5112 - VBM               1250            797        63.76        507    237
5113 5113                1752            404        23.06        236    139
5113 - VBM               1752           1087        62.04        680    340
5114 5114                1282            269        20.98        167     87
5114 - VBM               1282            852        66.46        541    250
5115 5115                 756              108      14.29         63     38
5115 - VBM                756              544      71.96        344    159
5116 5116                1257              237      18.85        137     87
5116 - VBM               1257              812      64.60        466    285
5117 5117                1452              302      20.80        175    106
5117 - VBM               1452              939      64.67        593    294
5118 5118                1253              237      18.91        157     69
5118 - VBM               1253              859      68.56        597    219
5119 5119                1025              247      24.10        167     58
5119 - VBM               1025              621      60.59        433    150
12/02/16 4:09 PM                                                COUNTY OF MONTEREY Statement of Vote                                                 89 of 133
November 8,2016                                                   PRESIDENTIAL GENERAL ELECTION

                                                                             NON-PARTISAN PROPOSITION 67




                                   Ballots Cast
                   Registration




                                                  Turnout (%)




                                                                YES


                                                                        NO
5120 5120                1211             298        24.61        197     74
5120 - VBM               1211             740        61.11        489    209
5121 5121                 501             166        33.13        140     23
5121 - VBM                501             221        44.11        172     37
5122 5122                 592             134        22.64         88     38
5122 - VBM                592             361        60.98        223    124
5123 5123                1212             193        15.92         98     81
5123 - VBM               1212             836        68.98        411    359
5124 5124                1915             318        16.61        171    127
5124 - VBM               1915            1320        68.93        728    529
5125 5125                1594             152         9.54         70     75
5125 - VBM               1594            1080        67.75        557    451
5126 5126                1690             290        17.16        135    125
5126 - VBM               1690            1129        66.80        583    474
5127 5127                1436             224        15.60        112    104
5127 - VBM               1436             961        66.92        442    470
9101 - MBP                 45              31        68.89         15     13
9101 - VBM                 45               0         0.00          0      0
9102 - MBP                240             186        77.50        117     61
9102 - VBM                240               0         0.00          0      0
9103 - MBP                104              86        82.69         47     31
9103 - VBM                104               0         0.00          0      0
9204 - MBP                  0               0         0.00          0      0
9204 - VBM                  0               0         0.00          0      0
9205 - MBP                 10               2        20.00          2      ***********
                                                                           0             Insufficient Turnout to Protect Voter Privacy   *********
9205 - VBM                 10               0         0.00          0      0
9206 - MBP                  0               0         0.00          0      0
9206 - VBM                  0               0         0.00          0      0
9207 - MBP                378             285        75.40        185     86
9207 - VBM                378               0         0.00          0      0
9208 - MBP                 51              47        92.16         19     27
9208 - VBM                 51               0         0.00          0      0
9209 - MBP                 96              82        85.42         39     40
9209 - VBM                 96               0         0.00          0      0
9210 - MBP                 32              27        84.38          7     19
9210 - VBM                 32               0         0.00          0      0
9211 - MBP                 45              31        68.89         11     17
9211 - VBM                 45               0         0.00          0      0
9212 - MBP                162             138        85.19         50     72
9212 - VBM                162               1         0.62          0      ***********
                                                                           1             Insufficient Turnout to Protect Voter Privacy   *********
9213 - MBP                 42              28        66.67         11     15
9213 - VBM                 42               1         2.38          1      ***********
                                                                           0             Insufficient Turnout to Protect Voter Privacy   *********
9214 - MBP                175             130        74.29         68     55
9214 - VBM                175               0         0.00          0      0
9215 - MBP                 69              35        50.72         21     13
9215 - VBM                 69               0         0.00          0      0
9216 - MBP                 70              59        84.29         15     39
9216 - VBM                 70               0         0.00          0      0
9217 - MBP                 36              34        94.44         14     19
9217 - VBM                 36               0         0.00          0      0
9218 - MBP                  1               0         0.00          0      0
9218 - VBM                     1              0       0.00          0      0
9319 - MBP                   525            462      88.00        241    197
9319 - VBM                   525              1       0.19          0      ***********
                                                                           0             Insufficient Turnout to Protect Voter Privacy   *********
9320 - MBP                     0              0       0.00          0      0
9320 - VBM                     0              0       0.00          0      0
9321 - MBP                    18             17      94.44          4     12
9321 - VBM                    18              0       0.00          0      0
9322 - MBP                   226            178      78.76         77     88
9322 - VBM                   226              0       0.00          0      0
9323 - MBP                    17             16      94.12          5     11
12/02/16 4:09 PM                                                COUNTY OF MONTEREY Statement of Vote                                                 90 of 133
November 8,2016                                                   PRESIDENTIAL GENERAL ELECTION

                                                                             NON-PARTISAN PROPOSITION 67




                                   Ballots Cast
                   Registration




                                                  Turnout (%)




                                                                YES


                                                                        NO
9323 - VBM                    17              0     0.00            0      0
9324 - MBP                   116             90    77.59           49     35
9324 - VBM                   116              0     0.00            0      0
9325 - MBP                    61             53    86.89           20     31
9325 - VBM                    61              0     0.00            0      0
9326 - MBP                   196            135    68.88           65     59
9326 - VBM                   196              0     0.00            0      0
9327 - MBP                    47             40    85.11           14     21
9327 - VBM                    47              0     0.00            0      0
9328 - MBP                   220            162    73.64           77     77
9328 - VBM                   220              0     0.00            0      0
9329 - MBP                   137             99    72.26           41     46
9329 - VBM                   137              0     0.00            0      0
9330 - MBP                    31             23    74.19           11     12
9330 - VBM                    31              0     0.00            0      0
9331 - MBP                    44             37    84.09           10     25
9331 - VBM                    44              0     0.00            0      0
9332 - MBP                   279            229    82.08          101    117
9332 - VBM                   279              0     0.00            0      0
9333 - MBP                   165            141    85.45           66     71
9333 - VBM                   165              0     0.00            0      0
9334 - MBP                    40             33    82.50           12     20
9334 - VBM                    40              0     0.00            0      0
9335 - MBP                     9              6    66.67            3      ***********
                                                                           3             Insufficient Turnout to Protect Voter Privacy   *********
9335 - VBM                     9              0     0.00            0      0
9336 - MBP                   202            154    76.24           52     84
9336 - VBM                   202              0     0.00            0      0
9337 - MBP                   174            138    79.31           35     93
9337 - VBM                   174              0     0.00            0      0
9338 - MBP                    24             19    79.17            8      9
9338 - VBM                    24              0     0.00            0      0
9339 - MBP                   106             93    87.74           31     54
9339 - VBM                   106              0     0.00            0      0
9340 - MBP                    89             72    80.90           21     50
9340 - VBM                    89              0     0.00            0      0
9441 - MBP                    11             11   100.00            4      7
9441 - VBM                    11              0     0.00            0      0
9442 - MBP                     2              2   100.00            0      ***********
                                                                           2             Insufficient Turnout to Protect Voter Privacy   *********
9442 - VBM                     2              0     0.00            0      0
9443 - MBP                     0              0     0.00            0      0
9443 - VBM                     0              0     0.00            0      0
9444 - MBP                    46             35    76.09           12     22
9444 - VBM                    46              0     0.00            0      0
9445 - MBP                   131             96    73.28           52     39
9445 - VBM                   131              0     0.00            0      0
9446 - MBP                    16              9    56.25            2      ***********
                                                                           7             Insufficient Turnout to Protect Voter Privacy   *********
9446 - VBM                    16              0     0.00            0      0
9447 - MBP                    14             13    92.86            7      4
9447 - VBM                    14              0     0.00            0      0
9448 - MBP                     0              0     0.00            0      0
9448 - VBM                     0              0     0.00            0      0
9449 - MBP                   392            345      88.01        205    125
9449 - VBM                   392              0       0.00          0      0
9450 - MBP                   207            161      77.78         93     53
9450 - VBM                   207              0       0.00          0      0
9451 - MBP                   113             60      53.10         49      5
9451 - VBM                   113              0       0.00          0      0
9452 - MBP                    62             39      62.90         31      5
9452 - VBM                    62              0       0.00          0      0
9553 - MBP                   237            160      67.51         86     63
9553 - VBM                   237              0       0.00          0      0
12/02/16 4:09 PM                                                           COUNTY OF MONTEREY Statement of Vote       91 of 133
 November 8,2016                                                             PRESIDENTIAL GENERAL ELECTION

                                                                                        NON-PARTISAN PROPOSITION 67




                                              Ballots Cast
                              Registration




                                                             Turnout (%)




                                                                           YES


                                                                                   NO
9554 - MBP                              490            426      86.94        239     163
9554 - VBM                              490              0       0.00          0       0
9555 - MBP                              293            259      88.40        146      94
9555 - VBM                              293              0       0.00          0       0
9556 - MBP                              501            440      87.82        219     194
9556 - VBM                              501              0       0.00          0       0
9557 - MBP                              740            633      85.54        325     265
9557 - VBM                              740              0       0.00          0       0
9558 - MBP                              455            414      90.99        208     175
9558 - VBM                              455              0       0.00          0       0
9559 - MBP                              841            760      90.37        483     233
9559 - VBM                              841              0       0.00          0       0
9560 - MBP                              333            281      84.38        205      64
9560 - VBM                              333              0       0.00          0       0
9561 - MBP                              224            164      73.21        124      29
9561 - VBM                              224              0       0.00          0       0
9562 - MBP                              128            106      82.81         51      46
9562 - VBM                              128              0       0.00          0       0
9563 - MBP                               16             13      81.25          8       5
9563 - VBM                               16              0       0.00          0       0
9564 - MBP                               81             67      82.72         47      18
9564 - VBM                               81              0       0.00          0       0
9565 - MBP                               80             69      86.25         39      24
9565 - VBM                               80              0       0.00          0       0
9567 - MBP                              164            145      88.41         67      70
9567 - VBM                              164              0       0.00          0       0


Precinct Totals               175927            34506           19.61      20004   11989


MBP Totals                      10932               8843        80.89       4656    3626


VBM Totals                    185786            93753           50.46      56566   31671


Grand Totals                  175927          137102            77.93      81226   47286
CALIFORNIA                    175927          137102            77.93      81226   47286
20th CONGRESS                 175927          137102            77.93      81226   47286
12th SENATORIAL DISTRICT       77080           53533            69.45      31260   19013
17th SENATORIAL DISTRICT       98847           83569            84.54      49966   28273
29th ASSEMBLY DISTRICT         92492           76834            83.07      46533   25336
30th ASSEMBLY DISTRICT         83435           60268            72.23      34693   21950
2ND DIST, BOARD OF EQUALIZA   175927          137102            77.93      81226   47286
1ST SUPERVISORIAL DISTRICT     24156           15295            63.32       9209    5128
2ND SUPERVISORIAL DISTRICT     38213           28179            73.74      16359   10274
3RD SUPERVISORIAL DISTRICT     23169           17859            77.08      10004    6725
4TH SUPERVISORIAL DISTRICT     38934           29030            74.56      16868   10268
5TH SUPERVISORIAL DISTRICT     51455           46739            90.83      28786   14891
CARMEL-BY-THE-SEA               2629            2289            87.07       1427     702
DEL REY OAKS                    1168             958            82.02        572     332
GONZALES                        3029            2056            67.88       1242     689
GREENFIELD                      4604            3103            67.40       1863    1034
KING CITY                       3125            2178            69.70       1213     837
MARINA                          10427            7563           72.53       4527    2512
MONTEREY                        15178           12361           81.44       7874    3663
PACIFIC GROVE                   10165            8463           83.26       5738    2112
SALINAS                         57347           38852           67.75      22786   13741
SAND CITY                           0             161            0.00         93      53
SEASIDE                         13150            9131           69.44       5413    3101
SOLEDAD                          5832            3800           65.16       2305    1226
UNINCORPORATED COUNTY A         49273           46187           93.74      26173   17284
SALINAS DISTRICT 1               6920            4545           65.68       2885    1408
SALINAS DISTRICT 2               6582            3936           59.80       2545    1164
12/02/16 4:09 PM                                                   COUNTY OF MONTEREY Statement of Vote       92 of 133
November 8,2016                                                      PRESIDENTIAL GENERAL ELECTION

***Grand Totals                                                                 NON-PARTISAN PROPOSITION 67




                                      Ballots Cast
                       Registration




                                                     Turnout (%)




                                                                   YES


                                                                           NO
SALINAS DISTRICT 3       13681          10274           75.10       5585    4066
SALINAS DISTRICT 4        8230           5236           63.62       3075    1814
SALINAS DISTRICT 5        9812           6414           65.37       3746    2278
SALINAS DISTRICT 6       12122           8633           71.22       5067    3072
KING CITY DISTRICT 1       748            522           69.79        282     209
KING CITY DISTRICT 2       446            304           68.16        178     114
KING CITY DISTRICT 3       632            452           71.52        252     179
KING CITY DISTRICT 4       672            416           61.90        259     135
KING CITY DISTRICT 5       627            484           77.19        242     200
