12/02/16 4:09 PM                                                   COUNTY OF MONTEREY Statement of Vote                                                         77 of 133
November 8,2016                                                      PRESIDENTIAL GENERAL ELECTION

                                                                                       CALIFORNIA




                                                               PROPOSITION 63




                                                                                       PROPOSITION 64




                                                                                                                   PROPOSITION 65




                                                                                                                                               PROPOSITION 66
                                  Ballots Cast
                   Registration




                                                 Turnout (%)




                                                               YES




                                                                                       YES




                                                                                                                   YES




                                                                                                                                               YES
                                                                                NO




                                                                                                        NO




                                                                                                                                    NO




                                                                                                                                                                NO
1001 1001                1305            258        19.77                194      55             157          95             156          81             128         105
1001 - VBM               1305            485        37.16                376      93             305         166             289         159             207         239
1002 1002                1533            257        16.76                198      50             152         100             168          77             125         112
1002 - VBM               1533            649        42.34                497     139             415         228             385         238             292         316
1003 1003                 966            154        15.94                110      37              83          66              98          46              80          59
1003 - VBM                966            458        47.41                350      96             281         169             276         162             200         232
1004 1004                 767            144        18.77                 98      39              81          60              82          48              60          69
1004 - VBM                767            303        39.50                218      80             193         105             177         107             124         150
1005 1005                 836            132        15.79                 98      32              80          51              75          48              56          65
1005 - VBM                836            355        42.46                251      88             201         141             215         114             154         171
1006 1006                1568            176        11.22                122      50             103          71             107          52              69          89
1006 - VBM               1568            660        42.09                494     151             394         254             405         220             280         329
1007 1007                1058            177        16.73                121      52             110          60              99          73              85          82
1007 - VBM               1058            482        45.56                334     129             333         137             259         192             178         254
1008 1008                1305            216        16.55                151      57             132          78             118          74              82         106
1008 - VBM               1305            567        43.45                411     144             357         198             328         218             278         254
1009 1009                2197            436        19.85                276     139             242         175             228         172             178         210
1009 - VBM               2197            986        44.88                656     305             612         359             547         381             439         464
1010 1010                 970            173        17.84                130      40             102          66             102          54              78          74
1010 - VBM                970            454        46.80                327     109             265         172             246         171             187         223
1011 1011                1589            232        14.60                171      57             116         112             127          86             107         102
1011 - VBM               1589            788        49.59                562     207             451         324             456         288             338         398
1012 1012                1399            242        17.30                183      52             163          73             128          94             101         119
1012 - VBM               1399            588        42.03                420     148             337         233             321         229             231         307
1013 1013                1778            371        20.87                242     100             196         156             209         117             154         157
1013 - VBM               1778            828        46.57                558     245             478         326             470         292             366         391
1014 1014                1503            258        17.17                161      81             164          85             135          97             111         117
1014 - VBM               1503            630        41.92                408     198             394         217             354         230             292         273
1015 1015                 792            163        20.58                110      50             100          62             104          52              88          67
1015 - VBM                792            342        43.18                236      97             225         107             190         128             142         163
1016 1016                1968            327        16.62                214     102             175         141             174         130             139         152
1016 - VBM               1968            969        49.24                674     274             576         376             531         381             449         449
1017 1017                 585            106        18.12                 60      44              56          48              60          41              47          53
1017 - VBM                585            273        46.67                193      77             142         128             159         103             106         150
1018 1018                2037            343        16.84                209     128             180         157             167         156             135         177
1018 - VBM               2037           1010        49.58                636     355             621         377             575         384             467         464
2019 2019                 537            156        29.05                108      36              87          58              74          62              57          76
2019 - VBM                537            199        37.06                160      36             121          75              93          94              69         117
2020 2020                1925            385        20.00                239     134             209         166             197         154             154         190
2020 - VBM               1925            969        50.34                585     370             630         327             493         435             419         482
2021 2021                1282            320        24.96                216      91             191         122             172         130             118         175
2021 - VBM               1282            603        47.04                403     184             381         208             300         271             223         331
2022 2022                1672            447        26.73                222     212             241         197             175         249             181         227
2022 - VBM               1672            901        53.89                489     399             576         306             416         439             448         383
2023 2023                2008            398        19.82                215     170             238         152             196         174             163         194
2023 - VBM               2008           1056        52.59                614     418             677         354             489         506             425         539
2024 2024                1961            334        17.03                159     168             206         123             146         164             144         160
2024 - VBM               1961           1176        59.97                630     513             750         410             539         573             538         544
2025 2025                2165            422        19.49                295     105             263         145             243         148             177         204
2025 - VBM               2165            933        43.09                725     186             604         307             520         364             381         478
2027 2027                1449            306        21.12                182     117             181         118             146         140             122         149
2027 - VBM               1449            833        57.49                488     331             485         338             377         415             376         389
2028 2028                1258            242        19.24                113     130             134         109             103         129             115         105
2028 - VBM               1258            739        58.74                363     361             446         279             354         348             380         298
2029 2029                1659            286        17.24                133     151             163         122             107         165             127         138
2029 - VBM               1659           1009        60.82                459     528             584         412             467         476             473         445
2030 2030                1636            375        22.92                164     194             200         162             163         189             187         156
2030 - VBM               1636            952        58.19                498     433             571         364             427         471             430         438
2031 2031                 878            213        24.26                 77     136             120          92             110          95             116          84
2031 - VBM                878            460        52.39                236     212             281         170             224         215             204         231
2032 2032                1170            200        17.09                105      85             101          93              89          98              91          92
12/02/16 4:09 PM                                                   COUNTY OF MONTEREY Statement of Vote                                                         78 of 133
November 8,2016                                                      PRESIDENTIAL GENERAL ELECTION

                                                                                       CALIFORNIA




                                                               PROPOSITION 63




                                                                                       PROPOSITION 64




                                                                                                                   PROPOSITION 65




                                                                                                                                               PROPOSITION 66
                                  Ballots Cast
                   Registration




                                                 Turnout (%)




                                                               YES




                                                                                       YES




                                                                                                                   YES




                                                                                                                                               YES
                                                                                NO




                                                                                                        NO




                                                                                                                                    NO




                                                                                                                                                                NO
2032 - VBM               1170            580        49.57                312     255             344         218             319         233             294         250
2033 2033                 716            140        19.55                101      36              82          57              73          54              65          62
2033 - VBM                716            302        42.18                219      76             195          98             159         121             126         145
2034 2034                2426            419        17.27                311      95             240         167             250         134             202         175
2034 - VBM               2426           1224        50.45                869     305             722         456             748         405             516         595
2035 2035                 770            164        21.30                109      45              92          65              85          66              84          62
2035 - VBM                770            390        50.65                242     136             234         148             205         161             195         168
2036 2036                1639            308        18.79                209      97             201         105             171         130             156         137
2036 - VBM               1639            732        44.66                490     222             432         284             401         289             306         365
2037 2037                1463            287        19.62                188      84             176         102             155         109             143         113
2037 - VBM               1463            655        44.77                416     223             395         241             382         237             324         282
2038 2038                 740            120        16.22                 56      62              63          56              62          51              55          57
2038 - VBM                740            418        56.49                218     191             237         176             222         177             209         184
2039 2039                1526            260        17.04                165      83             151         101             157          90             125         114
2039 - VBM               1526            744        48.75                512     212             489         238             402         287             337         343
2040 2040                 852            147        17.25                 92      43              68          72              74          59              81          50
2040 - VBM                852            449        52.70                291     147             255         183             248         176             214         189
2041 2041                1105            195        17.65                131      58             104          88              93          89              81          96
2041 - VBM               1105            590        53.39                420     158             333         246             322         228             259         276
2042 2042                1383            239        17.28                175      61             135         104             142          84             114         110
2042 - VBM               1383            683        49.39                465     199             397         269             387         249             333         287
2043 2043                1308            242        18.50                139      94             139          97             130          91             122          98
2043 - VBM               1308            716        54.74                448     252             401         304             399         281             345         315
2044 2044                 993            169        17.02                106      53              98          63              87          71              84          66
2044 - VBM                993            562        56.60                356     189             341         207             305         225             276         248
2045 2045                1576            286        18.15                194      86             154         128             164         102             133         127
2045 - VBM               1576            858        54.44                567     274             505         342             482         343             390         413
2046 2046                1426            321        22.51                204     100             193         112             170         127             136         155
2046 - VBM               1426            710        49.79                436     263             429         273             383         296             309         350
2047 2047                 690            134        19.42                 83      47              76          56              79          45              68          55
2047 - VBM                690            321        46.52                194     120             171         142             169         139             161         135
3048 3048                 984            135        13.72                 99      31              78          55              82          41              62          62
3048 - VBM                984            463        47.05                348      99             263         186             266         169             239         188
3049 3049                2427            427        17.59                307     103             222         193             248         139             181         194
3049 - VBM               2427           1141        47.01                828     292             684         443             741         353             547         544
3050 3050                1257            237        18.85                143      88             124         106             126          97             102         117
3050 - VBM               1257            637        50.68                350     278             348         278             333         268             325         261
3051 3051                1627            323        19.85                219      91             176         137             157         122             158         114
3051 - VBM               1627            768        47.20                511     237             436         319             433         285             328         358
3052 3052                1402            302        21.54                192      98             177         120             169         115             137         142
3052 - VBM               1402            663        47.29                449     205             365         290             389         251             323         304
3053 3053                1195            229        19.16                158      61             141          79             129          78              91         112
3053 - VBM               1195            496        41.51                361     124             332         156             282         183             200         255
3054 3054                1527            309        20.24                187      92             161         121             155         106             139         112
3054 - VBM               1527            695        45.51                487     182             404         276             365         280             272         358
3055 3055                1445            303        20.97                188     112             169         132             163         114             138         136
3055 - VBM               1445            709        49.07                475     218             451         248             416         250             330         330
3056 3056                1665            303        18.20                202      97             166         135             172         102             144         124
3056 - VBM               1665            756        45.41                523     220             425         321             413         297             359         341
3057 3057                1200            248        20.67                159      74             133         105             134          81             110         105
3057 - VBM               1200            570        47.50                372     186             302         258             299         236             238         286
3058 3058                1722              342      19.86                230      95             178         152             179         132             115         185
3058 - VBM               1722              846      49.13                618     210             415         412             520         284             376         414
3059 3059                1682              350      20.81                255      89             187         159             205         120             159         159
3059 - VBM               1682              747      44.41                556     169             380         347             420         277             297         389
3062 3062                1277              306      23.96                117     176             145         152             136         151             132         145
3062 - VBM               1277              658      51.53                248     396             337         310             299         314             346         255
3063 3063                 634              143      22.56                 24     115              67          71              44          91              80          53
3063 - VBM                634              377      59.46                 68     308             200         174             127         230             171         177
3160 3160                 748              194      25.94                117      72             103          89             111          75              95          91
3160 - VBM                748              328      43.85                201     112             205         110             170         133             143         157
12/02/16 4:09 PM                                                   COUNTY OF MONTEREY Statement of Vote                                                         79 of 133
November 8,2016                                                      PRESIDENTIAL GENERAL ELECTION

                                                                                       CALIFORNIA




                                                               PROPOSITION 63




                                                                                       PROPOSITION 64




                                                                                                                   PROPOSITION 65




                                                                                                                                               PROPOSITION 66
                                  Ballots Cast
                   Registration




                                                 Turnout (%)




                                                               YES




                                                                                       YES




                                                                                                                   YES




                                                                                                                                               YES
                                                                                NO




                                                                                                        NO




                                                                                                                                    NO




                                                                                                                                                                NO
3260 3260                 446             15         3.36                 13       7              11           9              10           9              11           8
3260 - MBP                446            289        64.80                171     107             183         103             146         123             136         131
3260 - VBM                446              0         0.00                  0       0               0           0               0           0               0           0
3360 3360                 632            183        28.96                112      68             103          75              97          74              90          82
3360 - VBM                632            269        42.56                149     114             163          99             134         124             124         129
3460 3460                 672            167        24.85                118      49              97          70              98          63              61          99
3460 - VBM                672            249        37.05                193      54             161          84             152          80             103         126
3560 3560                 627             36         5.74                 21      16              19          17              20          13              16          14
3560 - MBP                627            448        71.45                224     206             243         190             228         186             235         168
3560 - VBM                627              0         0.00                  0       0               0           0               0           0               0           0
4064 4064                1168            297        25.43                198      91             198          93             124         155             114         157
4064 - VBM               1168            661        56.59                419     220             439         200             299         322             291         302
4065 4065                2497            585        23.43                362     193             385         183             300         230             270         230
4065 - VBM               2497           1177        47.14                752     383             770         375             596         485             525         523
4066 4066                1238            254        20.52                158      94             178          73             110         126              86         142
4066 - VBM               1238            540        43.62                316     201             360         162             249         252             212         273
4067 4067                1627            382        23.48                267     100             247         123             198         151             152         184
4067 - VBM               1627            846        52.00                582     240             589         236             403         396             326         454
4068 4068                1275            199        15.61                136      58             134          62              89          96              89          89
4068 - VBM               1275            735        57.65                502     219             497         223             300         397             287         397
4069 4069                1274            227        17.82                161      55             136          80             109          89              90         101
4069 - VBM               1274            619        48.59                441     160             393         211             317         265             252         319
4070 4070                1470            188        12.79                123      53             120          57             100          68              79          84
4070 - VBM               1470            680        46.26                517     145             471         197             333         311             249         378
4071 4071                1508            296        19.63                191      89             191          90             138         123             110         145
4071 - VBM               1508            779        51.66                569     181             521         236             329         399             307         410
4072 4072                 876            155        17.69                 98      52              98          54              71          70              60          75
4072 - VBM                876            435        49.66                300     122             301         123             209         192             190         204
4073 4073                1385            297        21.44                169     115             175         117             136         140             139         122
4073 - VBM               1385            677        48.88                459     197             441         221             344         290             295         309
4074 4074                1764            382        21.66                246     122             222         150             188         154             169         155
4074 - VBM               1764            900        51.02                556     309             522         345             476         373             388         439
4075 4075                1245            293        23.53                167     110             206          79             155         117             135         121
4075 - VBM               1245            665        53.41                437     210             439         210             318         300             279         318
4076 4076                1388            319        22.98                171     135             190         119             149         143             135         147
4076 - VBM               1388            738        53.17                463     245             447         271             356         334             293         364
4077 4077                1607            332        20.66                212     100             220          97             170         132             139         146
4077 - VBM               1607            717        44.62                456     237             455         239             409         249             311         330
4078 4078                1626            301        18.51                163     119             195          94             151         123             120         147
4078 - VBM               1626            879        54.06                571     283             528         331             407         421             388         418
4079 4079                1600            336        21.00                214     113             198         133             162         158             153         158
4079 - VBM               1600            830        51.88                520     285             505         300             407         364             357         388
4080 4080                1197            322        26.90                224      88             228          81             188         112             137         150
4080 - VBM               1197            510        42.61                360     134             359         133             276         196             222         231
4081 4081                1566            426        27.20                316      84             306         101             227         163             157         203
4081 - VBM               1566            731        46.68                539     167             560         155             377         302             262         390
4082 4082                1597            192        12.02                120      66             133          55              99          83              90          86
4082 - VBM               1597            877        54.92                539     314             536         322             465         362             412         399
4083 4083                2219            358        16.13                239     106             224         133             178         161             164         168
4083 - VBM               2219           1237        55.75                743     436             762         422             632         511             572         523
4084 4084                1724            276        16.01                167     103             141         134             128         138             119         134
4084 - VBM               1724           1061        61.54                585     450             588         457             521         478             518         446
4085 4085                1149            182        15.84                100      79              91          89              93          77              86          79
4085 - VBM               1149            759        66.06                429     299             409         327             377         333             366         323
4086 4086                 928            148        15.95                 81      63              85          58              64          79              74          68
4086 - VBM                928            547        58.94                315     223             336         200             289         218             247         243
4087 4087                1451            193        13.30                108      77             107          80              82          97              84          86
4087 - VBM               1451            925        63.75                534     358             540         359             460         409             456         385
4088 4088                 920            140        15.22                 80      61              80          61              62          73              59          73
4088 - VBM                920            605        65.76                342     250             380         210             263         298             283         258
4089 4089                1366            254        18.59                131     115             157          91             114         129             127         106
12/02/16 4:09 PM                                                   COUNTY OF MONTEREY Statement of Vote                                                         80 of 133
November 8,2016                                                      PRESIDENTIAL GENERAL ELECTION

                                                                                       CALIFORNIA




                                                               PROPOSITION 63




                                                                                       PROPOSITION 64




                                                                                                                   PROPOSITION 65




                                                                                                                                               PROPOSITION 66
                                  Ballots Cast
                   Registration




                                                 Turnout (%)




                                                               YES




                                                                                       YES




                                                                                                                   YES




                                                                                                                                               YES
                                                                                NO




                                                                                                        NO




                                                                                                                                    NO




                                                                                                                                                                NO
4089 - VBM               1366            813        59.52                444     343             464         325             403         355             397         333
4090 4090                1269            219        17.26                126      90             113         102             103         107             111          93
4090 - VBM               1269            763        60.13                412     326             415         333             368         355             398         302
5091 5091                1521            315        20.71                208      93             227          77             128         162             118         159
5091 - VBM               1521            877        57.66                622     225             616         232             401         428             321         467
5092 5092                1692            434        25.65                296     114             306         114             209         188             159         202
5092 - VBM               1692            862        50.95                581     238             628         199             414         381             311         431
5093 5093                2004            457        22.80                331     107             311         133             211         207             166         221
5093 - VBM               2004           1148        57.29                822     263             821         278             547         503             394         612
5094 5094                1542            366        23.74                229     112             235         109             181         155             156         155
5094 - VBM               1542            854        55.38                555     262             628         200             402         402             374         408
5095 5095                1473            367        24.92                231     116             243         107             162         166             134         175
5095 - VBM               1473            744        50.51                507     214             531         194             363         337             295         376
5096 5096                 991            151        15.24                 92      53              88          58              61          83              51          79
5096 - VBM                991            673        67.91                448     214             400         256             285         354             271         329
5097 5097                1210            245        20.25                147      86             142          93              92         128              82         134
5097 - VBM               1210            768        63.47                543     195             498         246             343         371             298         386
5098 5098                1341            264        19.69                179      64             165          79             112         128             102         128
5098 - VBM               1341            858        63.98                627     201             548         286             373         441             335         433
5099 5099                1282            275        21.45                180      78             168          96             114         142              96         140
5099 - VBM               1282            844        65.83                579     226             534         282             369         427             311         459
5100 5100                2122            483        22.76                326     128             330         131             220         218             172         238
5100 - VBM               2122           1216        57.30                804     355             769         403             564         551             467         605
5101 5101                1595            299        18.75                202      78             185         104             122         152             100         153
5101 - VBM               1595           1045        65.52                733     276             704         311             462         519             400         539
5102 5102                1546            339        21.93                218     104             218         110             134         178             111         176
5102 - VBM               1546            932        60.28                658     241             609         289             409         462             344         490
5103 5103                1466            319        21.76                228      81             224          86             118         181              97         185
5103 - VBM               1466            933        63.64                701     199             652         251             364         487             332         476
5104 5104                1335            302        22.62                194      88             212          78             117         160             105         148
5104 - VBM               1335            790        59.18                555     205             547         216             345         394             281         414
5105 5105                1427            315        22.07                218      83             195         111             100         184             106         166
5105 - VBM               1427            886        62.09                654     182             585         263             383         421             301         459
5106 5106                1443            330        22.87                219      96             223          96             165         140             128         158
5106 - VBM               1443            830        57.52                569     227             512         294             349         414             280         447
5107 5107                1353            319        23.58                228      81             219          91             136         162             111         167
5107 - VBM               1353            824        60.90                597     194             582         209             372         392             279         433
5108 5108                1951            373        19.12                214     136             195         163             172         177             173         158
5108 - VBM               1951           1305        66.89                862     404             730         542             585         648             639         553
5109 5109                1354            255        18.83                156      85             122         119             113         125             109         116
5109 - VBM               1354            915        67.58                517     371             476         406             428         431             454         360
5110 5110                1334            365        27.36                241      99             243         110             140         195             131         180
5110 - VBM               1334            813        60.94                567     218             514         276             333         429             314         415
5111 5111                1295            306        23.63                203      84             195          97             117         154             100         151
5111 - VBM               1295            805        62.16                546     235             470         319             329         421             324         400
5112 5112                1250            263        21.04                182      72             155         100             107         134             102         132
5112 - VBM               1250            797        63.76                549     222             493         272             343         396             301         389
5113 5113                1752            404        23.06                264     128             251         143             169         205             148         202
5113 - VBM               1752           1087        62.04                751     293             719         329             493         524             437         533
5114 5114                1282            269        20.98                165      94             158         100             112         142             114         123
5114 - VBM               1282            852        66.46                601     219             507         313             372         415             342         404
5115 5115                 756              108      14.29                 72      28              50          53              39          58              51          46
5115 - VBM                756              544      71.96                399     119             277         242             224         279             211         271
5116 5116                1257              237      18.85                136      88             134          96             105         111              98         102
5116 - VBM               1257              812      64.60                498     280             489         301             353         398             374         356
5117 5117                1452              302      20.80                199      89             180         117             127         154             125         138
5117 - VBM               1452              939      64.67                653     263             597         320             429         458             383         462
5118 5118                1253              237      18.91                158      72             178          55             108         120              96         120
5118 - VBM               1253              859      68.56                610     234             588         263             367         445             331         451
5119 5119                1025              247      24.10                142      90             181          62             106         123              82         132
5119 - VBM               1025              621      60.59                422     178             489         119             282         296             209         342
12/02/16 4:09 PM                                                    COUNTY OF MONTEREY Statement of Vote                                                                       81 of 133
November 8,2016                                                       PRESIDENTIAL GENERAL ELECTION

                                                                                                  CALIFORNIA




                                                                PROPOSITION 63




                                                                                                  PROPOSITION 64




                                                                                                                                 PROPOSITION 65




                                                                                                                                                              PROPOSITION 66
                                   Ballots Cast
                   Registration




                                                  Turnout (%)




                                                                YES




                                                                                                  YES




                                                                                                                                 YES




                                                                                                                                                              YES
                                                                                 NO




                                                                                                                   NO




                                                                                                                                                  NO




                                                                                                                                                                               NO
5120 5120                1211             298        24.61                182     103                     220        71              123            148             109             147
5120 - VBM               1211             740        61.11                495     221                     525      194               304            389             245             419
5121 5121                 501             166        33.13                115      42                     112        51               83             77              49             100
5121 - VBM                501             221        44.11                160      54                     160        54               97            110              70             123
5122 5122                 592             134        22.64                 72      58                      84        49               46             79              43              74
5122 - VBM                592             361        60.98                186     169                     270        90              152            195             127             198
5123 5123                1212             193        15.92                 96      94                     106        86               78            101              84              86
5123 - VBM               1212             836        68.98                454     359                     424      386               373            401             391             347
5124 5124                1915             318        16.61                156     149                     178      134               115            182             130             153
5124 - VBM               1915            1320        68.93                721     567                     797      497               588            673             624             596
5125 5125                1594             152         9.54                 82      73                      77        79               54             91              64              73
5125 - VBM               1594            1080        67.75                546     508                     598      463               488            521             509             450
5126 5126                1690             290        17.16                151     119                     151      128               113            149             126             121
5126 - VBM               1690            1129        66.80                659     441                     590      517               526            530             519             501
5127 5127                1436             224        15.60                103     119                     116      107               103            112             116              89
5127 - VBM               1436             961        66.92                452     484                     496      444               436            475             491             388
9101 - MBP                 45              31        68.89                 16      14                      22         9               20              8              18               9
9101 - VBM                 45               0         0.00                  0       0                       0         0                 0             0                0              0
9102 - MBP                240             186        77.50                131      54                     112        72              112             63              95              78
9102 - VBM                240               0         0.00                  0       0                       0         0                 0             0                0              0
9103 - MBP                104              86        82.69                 53      30                      44        40               41             38              41              37
9103 - VBM                104               0         0.00                  0       0                       0         0                 0             0                0              0
9204 - MBP                  0               0         0.00                  0       0                       0         0                 0             0                0              0
9204 - VBM                  0               0         0.00                  0       0                       0         0                 0             0                0              0
9205 - MBP                 10               2        20.00                  0       ***********
                                                                                    2                   Insufficient
                                                                                                            2        Turnout
                                                                                                                      0      to Protect 2Voter     Privacy
                                                                                                                                                      0      ********* 2              0
9205 - VBM                 10               0         0.00                  0       0                       0         0                 0             0                0              0
9206 - MBP                  0               0         0.00                  0       0                       0         0                 0             0                0              0
9206 - VBM                  0               0         0.00                  0       0                       0         0                 0             0                0              0
9207 - MBP                378             285        75.40                179      99                     201        76              149            120             119             138
9207 - VBM                378               0         0.00                  0       0                       0         0                 0             0                0              0
9208 - MBP                 51              47        92.16                 17      29                      22        23               23             23              34              11
9208 - VBM                 51               0         0.00                  0       0                       0         0                 0             0                0              0
9209 - MBP                 96              82        85.42                 34      48                      54        28               40             39              33              43
9209 - VBM                 96               0         0.00                  0       0                       0         0                 0             0                0              0
9210 - MBP                 32              27        84.38                 11      16                      17        10                 9            17              13              12
9210 - VBM                 32               0         0.00                  0       0                       0         0                 0             0                0              0
9211 - MBP                 45              31        68.89                 17      14                      14        17               13             15              15              12
9211 - VBM                 45               0         0.00                  0       0                       0         0                 0             0                0              0
9212 - MBP                162             138        85.19                 76      57                      68        64               61             64              63              58
9212 - VBM                162               1         0.62                  0       ***********
                                                                                    1                   Insufficient
                                                                                                            0        Turnout
                                                                                                                      1      to Protect 1Voter     Privacy
                                                                                                                                                      0      ********* 1              0
9213 - MBP                 42              28        66.67                 12      14                      14        12               16             10              13              12
9213 - VBM                 42               1         2.38                  1       ***********
                                                                                    0                   Insufficient
                                                                                                            1        Turnout
                                                                                                                      0      to Protect 1Voter     Privacy
                                                                                                                                                      0      ********* 1              0
9214 - MBP                175             130        74.29                 49      77                      77        49               74             47              75              47
9214 - VBM                175               0         0.00                  0       0                       0         0                 0             0                0              0
9215 - MBP                 69              35        50.72                 18      17                      24        11               18             16              21              13
9215 - VBM                 69               0         0.00                  0       0                       0         0                 0             0                0              0
9216 - MBP                 70              59        84.29                 15      42                      33        25               21             33              30              21
9216 - VBM                 70               0         0.00                  0       0                       0         0                 0             0                0              0
9217 - MBP                 36              34        94.44                  7      26                      13        20               16             17              13              18
9217 - VBM                 36               0         0.00                  0       0                       0         0                 0             0                0              0
9218 - MBP                  1               0         0.00                  0       0                       0         0                 0             0                0              0
9218 - VBM                     1              0       0.00                  0       0                       0         0                 0         0                    0              0
9319 - MBP                   525            462      88.00                226     216                     277      172               209        225                 227             194
9319 - VBM                   525              1       0.19                  0       ***********
                                                                                    1                   Insufficient
                                                                                                            1        Turnout
                                                                                                                      0      to Protect 0Voter Privacy
                                                                                                                                                  0          ********* 0              0
9320 - MBP                     0              0       0.00                  0       0                       0         0                 0         0                    0              0
9320 - VBM                     0              0       0.00                  0       0                       0         0                 0         0                    0              0
9321 - MBP                    18             17      94.44                  2      15                       9         8                 3        13                    7              9
9321 - VBM                    18              0       0.00                  0       0                       0         0                 0         0                    0              0
9322 - MBP                   226            178      78.76                 67     103                      88        86               85         79                  87              74
9322 - VBM                   226              0       0.00                  0       0                       0         0                 0         0                    0              0
9323 - MBP                    17             16      94.12                  3      13                       8         8                 6        10                    7              9
12/02/16 4:09 PM                                                    COUNTY OF MONTEREY Statement of Vote                                                                       82 of 133
November 8,2016                                                       PRESIDENTIAL GENERAL ELECTION

                                                                                                  CALIFORNIA




                                                                PROPOSITION 63




                                                                                                  PROPOSITION 64




                                                                                                                                 PROPOSITION 65




                                                                                                                                                              PROPOSITION 66
                                   Ballots Cast
                   Registration




                                                  Turnout (%)




                                                                YES




                                                                                                  YES




                                                                                                                                 YES




                                                                                                                                                              YES
                                                                                 NO




                                                                                                                   NO




                                                                                                                                                  NO




                                                                                                                                                                               NO
9323 - VBM                    17              0     0.00                     0      0                       0         0                 0             0                0              0
9324 - MBP                   116             90    77.59                    42     45                      41        46               34             51              40              43
9324 - VBM                   116              0     0.00                     0      0                       0         0                 0             0                0              0
9325 - MBP                    61             53    86.89                    16     35                      24        27               19             30              30              18
9325 - VBM                    61              0     0.00                     0      0                       0         0                 0             0                0              0
9326 - MBP                   196            135    68.88                    58     71                      59        72               62             63              68              55
9326 - VBM                   196              0     0.00                     0      0                       0         0                 0             0                0              0
9327 - MBP                    47             40    85.11                    12     28                      17        22               14             21              20              15
9327 - VBM                    47              0     0.00                     0      0                       0         0                 0             0                0              0
9328 - MBP                   220            162    73.64                    78     81                      80        78               91             60              83              70
9328 - VBM                   220              0     0.00                     0      0                       0         0                 0             0                0              0
9329 - MBP                   137             99    72.26                    47     49                      53        45               45             43              45              39
9329 - VBM                   137              0     0.00                     0      0                       0         0                 0             0                0              0
9330 - MBP                    31             23    74.19                     9     13                       6        17               14              9              13              10
9330 - VBM                    31              0     0.00                     0      0                       0         0                 0             0                0              0
9331 - MBP                    44             37    84.09                    13     22                      12        24               14             22              21              13
9331 - VBM                    44              0     0.00                     0      0                       0         0                 0             0                0              0
9332 - MBP                   279            229    82.08                    74    151                     133        93               96            120             106             103
9332 - VBM                   279              0     0.00                     0      0                       0         0                 0             0                0              0
9333 - MBP                   165            141    85.45                    37    103                      69        72               46             91              73              59
9333 - VBM                   165              0     0.00                     0      0                       0         0                 0             0                0              0
9334 - MBP                    40             33    82.50                     1     30                      18        14               11             21              20              12
9334 - VBM                    40              0     0.00                     0      0                       0         0                 0             0                0              0
9335 - MBP                     9              6    66.67                     5      ***********
                                                                                    1                   Insufficient
                                                                                                            6        Turnout
                                                                                                                      0      to Protect 3Voter     Privacy
                                                                                                                                                      3      ********* 4              2
9335 - VBM                     9              0     0.00                     0      0                       0         0                 0             0                0              0
9336 - MBP                   202            154    76.24                    46     99                      62        86               72             64              91              43
9336 - VBM                   202              0     0.00                     0      0                       0         0                 0             0                0              0
9337 - MBP                   174            138    79.31                    27    108                      48        80               38             89              63              58
9337 - VBM                   174              0     0.00                     0      0                       0         0                 0             0                0              0
9338 - MBP                    24             19    79.17                     5     13                       6        12                 6            11              11               5
9338 - VBM                    24              0     0.00                     0      0                       0         0                 0             0                0              0
9339 - MBP                   106             93    87.74                    17     73                      43        47               38             49              43              42
9339 - VBM                   106              0     0.00                     0      0                       0         0                 0             0                0              0
9340 - MBP                    89             72    80.90                     7     65                      24        48               20             51              42              24
9340 - VBM                    89              0     0.00                     0      0                       0         0                 0             0                0              0
9441 - MBP                    11             11   100.00                     3      7                       4         7                 9             2                6              4
9441 - VBM                    11              0     0.00                     0      0                       0         0                 0             0                0              0
9442 - MBP                     2              2   100.00                     0      ***********
                                                                                    2                   Insufficient
                                                                                                            2        Turnout
                                                                                                                      0      to Protect 0Voter     Privacy
                                                                                                                                                      2      ********* 0              2
9442 - VBM                     2              0     0.00                     0      0                       0         0                 0             0                0              0
9443 - MBP                     0              0     0.00                     0      0                       0         0                 0             0                0              0
9443 - VBM                     0              0     0.00                     0      0                       0         0                 0             0                0              0
9444 - MBP                    46             35    76.09                    16     19                      11        24               15             19              22              12
9444 - VBM                    46              0     0.00                     0      0                       0         0                 0             0                0              0
9445 - MBP                   131             96    73.28                    48     45                      53        40               43             45              34              50
9445 - VBM                   131              0     0.00                     0      0                       0         0                 0             0                0              0
9446 - MBP                    16              9    56.25                     5      ***********
                                                                                    4                   Insufficient
                                                                                                            6        Turnout
                                                                                                                      3      to Protect 3Voter     Privacy
                                                                                                                                                      6      ********* 8              1
9446 - VBM                    16              0     0.00                     0      0                       0         0                 0             0                0              0
9447 - MBP                    14             13    92.86                     7      6                       9         4                 9             2                7              4
9447 - VBM                    14              0     0.00                     0      0                       0         0                 0             0                0              0
9448 - MBP                     0              0     0.00                     0      0                       0         0                 0             0                0              0
9448 - VBM                     0              0     0.00                     0      0                       0         0                 0             0                0              0
9449 - MBP                   392            345      88.01                215     119                       196         142                174         151              157         165
9449 - VBM                   392              0       0.00                  0       0                         0           0                  0           0                0           0
9450 - MBP                   207            161      77.78                 97      56                       113          42                 82          65               62          75
9450 - VBM                   207              0       0.00                  0       0                         0           0                  0           0                0           0
9451 - MBP                   113             60      53.10                 50       7                        47          10                 40          14               25          22
9451 - VBM                   113              0       0.00                  0       0                         0           0                  0           0                0           0
9452 - MBP                    62             39      62.90                 33       5                        31           7                 25          10               22          10
9452 - VBM                    62              0       0.00                  0       0                         0           0                  0           0                0           0
9553 - MBP                   237            160      67.51                 95      57                        97          58                 97          49               81          49
9553 - VBM                   237              0       0.00                  0       0                         0           0                  0           0                0           0
12/02/16 4:09 PM                                                               COUNTY OF MONTEREY Statement of Vote                                                          83 of 133
 November 8,2016                                                                 PRESIDENTIAL GENERAL ELECTION

                                                                                                    CALIFORNIA




                                                                           PROPOSITION 63




                                                                                                    PROPOSITION 64




                                                                                                                                PROPOSITION 65




                                                                                                                                                            PROPOSITION 66
                                              Ballots Cast
                              Registration




                                                             Turnout (%)




                                                                           YES




                                                                                                    YES




                                                                                                                                YES




                                                                                                                                                            YES
                                                                                            NO




                                                                                                                     NO




                                                                                                                                                 NO




                                                                                                                                                                             NO
9554 - MBP                              490            426      86.94                255      155             263         151             191         206             176         206
9554 - VBM                              490              0       0.00                  0        0               0           0               0           0               0           0
9555 - MBP                              293            259      88.40                141      105             169          84             128         115             111         109
9555 - VBM                              293              0       0.00                  0        0               0           0               0           0               0           0
9556 - MBP                              501            440      87.82                239      191             244         187             185         223             212         181
9556 - VBM                              501              0       0.00                  0        0               0           0               0           0               0           0
9557 - MBP                              740            633      85.54                361      251             391         226             324         262             316         240
9557 - VBM                              740              0       0.00                  0        0               0           0               0           0               0           0
9558 - MBP                              455            414      90.99                232      169             255         148             180         207             173         195
9558 - VBM                              455              0       0.00                  0        0               0           0               0           0               0           0
9559 - MBP                              841            760      90.37                521      207             464         274             313         397             282         404
9559 - VBM                              841              0       0.00                  0        0               0           0               0           0               0           0
9560 - MBP                              333            281      84.38                191       81             210          67             116         144              85         168
9560 - VBM                              333              0       0.00                  0        0               0           0               0           0               0           0
9561 - MBP                              224            164      73.21                101       57             124          35              73          80              47         102
9561 - VBM                              224              0       0.00                  0        0               0           0               0           0               0           0
9562 - MBP                              128            106      82.81                 55       48              59          44              38          57              49          42
9562 - VBM                              128              0       0.00                  0        0               0           0               0           0               0           0
9563 - MBP                               16             13      81.25                  9        2              11           2               5           8               6           5
9563 - VBM                               16              0       0.00                  0        0               0           0               0           0               0           0
9564 - MBP                               81             67      82.72                 36       28              42          23              23          37              25          34
9564 - VBM                               81              0       0.00                  0        0               0           0               0           0               0           0
9565 - MBP                               80             69      86.25                 27       39              42          24              26          37              23          31
9565 - VBM                               80              0       0.00                  0        0               0           0               0           0               0           0
9567 - MBP                              164            145      88.41                 71       68              75          66              56          78              62          64
9567 - VBM                              164              0       0.00                  0        0               0           0               0           0               0           0


Precinct Totals               175927            34506           19.61           21743       11387        20690       12847           16785       15085           14537       16072


MBP Totals                      10932               8843        80.89             4630       3914          5144       3474             4070       4160             4048       3880


VBM Totals                    185786            93753           50.46           60749       30227        57839       33583           46606       41350           40385       44700


Grand Totals                  175927          137102            77.93           87122       45528        83673       49904           67461       60595           58970       64652
CALIFORNIA                    175927          137102            77.93           87122       45528        83673       49904           67461       60595           58970       64652
20th CONGRESS                 175927          137102            77.93           87122       45528        83673       49904           67461       60595           58970       64652
12th SENATORIAL DISTRICT       77080           53533            69.45           34904       17069        31141       21162           29276       20843           24450       24467
17th SENATORIAL DISTRICT       98847           83569            84.54           52218       28459        52532       28742           38185       39752           34520       40185
29th ASSEMBLY DISTRICT         92492           76834            83.07           49206       24910        48711       25961           35380       36207           31456       37132
30th ASSEMBLY DISTRICT         83435           60268            72.23           37916       20618        34962       23943           32081       24388           27514       27520
2ND DIST, BOARD OF EQUALIZA   175927          137102            77.93           87122       45528        83673       49904           67461       60595           58970       64652
1ST SUPERVISORIAL DISTRICT     24156           15295            63.32           10649        4198         9150        5794            8693        5604            6707        7266
2ND SUPERVISORIAL DISTRICT     38213           28179            73.74           17032       10408        16832       10743           14489       12054           12794       13032
3RD SUPERVISORIAL DISTRICT     23169           17859            77.08           10785        6586         9838        7638            9494        7171            8214        8122
4TH SUPERVISORIAL DISTRICT     38934           29030            74.56           18304        9738        18257        9991           14271       12777           12674       13453
5TH SUPERVISORIAL DISTRICT     51455           46739            90.83           30352       14598        29596       15738           20514       22989           18581       22779
CARMEL-BY-THE-SEA               2629            2289            87.07            1557         636         1422         802             919        1199             869        1146
DEL REY OAKS                    1168             958            82.02             617         311          637         293             423         477             405         459
GONZALES                        3029            2056            67.88            1371         631         1154         866            1148         773             946         918
GREENFIELD                      4604            3103            67.40            2190         823         1595        1433            1757        1130            1295        1538
KING CITY                       3125            2178            69.70            1319         805         1288         846            1166         880            1014        1005
MARINA                          10427            7563           72.53            4793        2495         4745        2589            3837        3186            3248        3522
MONTEREY                        15178           12361           81.44            8402        3401         8285        3631            5648        5821            4694        6186
PACIFIC GROVE                   10165            8463           83.26            5974        2135         5667        2509            3576        4246            2975        4411
SALINAS                         57347           38852           67.75           25556       12147        22915       15033           21341       15098           17816       17696
SAND CITY                           0             161            0.00              97          56          113          42              82          65              62          75
SEASIDE                         13150            9131           69.44            6153        2664         6054        2833            4371        4094            3743        4461
SOLEDAD                          5832            3800           65.16            2581        1106         2249        1468            2095        1410            1673        1768
UNINCORPORATED COUNTY A         49273           46187           93.74           26512       18318        27549       17559           21098       22216           20230       21467
SALINAS DISTRICT 1               6920            4545           65.68            3313        1091         2714        1717            2730        1549            2074        2101
SALINAS DISTRICT 2               6582            3936           59.80            2863         965         2299        1559            2398        1291            1772        1861
12/02/16 4:09 PM                                                       COUNTY OF MONTEREY Statement of Vote                                                    84 of 133
November 8,2016                                                          PRESIDENTIAL GENERAL ELECTION

***Grand Totals                                                                             CALIFORNIA




                                                                   PROPOSITION 63




                                                                                            PROPOSITION 64




                                                                                                                     PROPOSITION 65




                                                                                                                                              PROPOSITION 66
                                      Ballots Cast
                       Registration




                                                     Turnout (%)




                                                                   YES




                                                                                            YES




                                                                                                                     YES




                                                                                                                                              YES
                                                                                    NO




                                                                                                             NO




                                                                                                                                      NO




                                                                                                                                                               NO
SALINAS DISTRICT 3       13681          10274           75.10             5984       3971          6050       3975          5097       4552          4865       4463
SALINAS DISTRICT 4        8230           5236           63.62             3638       1439          3103       2003          2891       1994          2298       2487
SALINAS DISTRICT 5        9812           6414           65.37             4176       2050          3895       2371          3556       2462          2962       2891
SALINAS DISTRICT 6       12122           8633           71.22             5713       2685          4966       3480          4781       3313          3940       3971
KING CITY DISTRICT 1       748            522           69.79              318        184           308        199           281        208           238        248
KING CITY DISTRICT 2       446            304           68.16              184        114           194        112           156        132           147        139
KING CITY DISTRICT 3       632            452           71.52              261        182           266        174           231        198           214        211
KING CITY DISTRICT 4       672            416           61.90              311        103           258        154           250        143           164        225
KING CITY DISTRICT 5       627            484           77.19              245        222           262        207           248        199           251        182
