12/02/16 4:09 PM                                                   COUNTY OF MONTEREY Statement of Vote                                                         61 of 133
November 8,2016                                                      PRESIDENTIAL GENERAL ELECTION

                                                                                       CALIFORNIA




                                                               PROPOSITION 55




                                                                                       PROPOSITION 56




                                                                                                                   PROPOSITION 57




                                                                                                                                               PROPOSITION 58
                                  Ballots Cast
                   Registration




                                                 Turnout (%)




                                                               YES




                                                                                       YES




                                                                                                                   YES




                                                                                                                                               YES
                                                                                NO




                                                                                                        NO




                                                                                                                                    NO




                                                                                                                                                                NO
1001 1001                1305            258        19.77                196      48             182          63             196          48             211          35
1001 - VBM               1305            485        37.16                368      85             347         111             364          94             397          64
1002 1002                1533            257        16.76                196      40             198          44             182          55             204          32
1002 - VBM               1533            649        42.34                498     113             478         144             462         152             547          70
1003 1003                 966            154        15.94                113      31             117          26              97          44             121          19
1003 - VBM                966            458        47.41                349      88             349          91             324         114             382          57
1004 1004                 767            144        18.77                 94      35             102          30             104          29             115          14
1004 - VBM                767            303        39.50                230      52             211          80             223          67             262          29
1005 1005                 836            132        15.79                 98      25              90          34              81          43             112          11
1005 - VBM                836            355        42.46                279      56             247          90             241          93             292          45
1006 1006                1568            176        11.22                120      38             119          36             116          41             136          22
1006 - VBM               1568            660        42.09                543      88             487         151             489         143             569          69
1007 1007                1058            177        16.73                114      53             113          56             118          50             130          35
1007 - VBM               1058            482        45.56                341     107             310         144             351         100             382          69
1008 1008                1305            216        16.55                142      59             147          56             157          44             166          32
1008 - VBM               1305            567        43.45                397     140             386         158             396         144             429         112
1009 1009                2197            436        19.85                274     123             283         128             282         124             312          92
1009 - VBM               2197            986        44.88                710     221             645         299             669         270             744         195
1010 1010                 970            173        17.84                124      34             124          36             117          43             132          28
1010 - VBM                970            454        46.80                324     102             320         109             309         116             345          87
1011 1011                1589            232        14.60                164      56             160          61             153          66             180          39
1011 - VBM               1589            788        49.59                568     170             571         181             546         197             633         108
1012 1012                1399            242        17.30                181      45             176          53             172          55             198          33
1012 - VBM               1399            588        42.03                407     133             388         155             406         134             450          86
1013 1013                1778            371        20.87                243      87             252          88             248          93             275          60
1013 - VBM               1778            828        46.57                560     212             564         209             532         242             608         167
1014 1014                1503            258        17.17                165      74             166          81             167          73             192          52
1014 - VBM               1503            630        41.92                436     154             408         190             421         174             488         107
1015 1015                 792            163        20.58                115      43             110          46             106          51             114          39
1015 - VBM                792            342        43.18                243      72             235          88             239          85             249          76
1016 1016                1968            327        16.62                206      95             223          82             212          94             249          56
1016 - VBM               1968            969        49.24                676     247             634         293             658         270             720         205
1017 1017                 585            106        18.12                 69      34              73          31              72          31              82          22
1017 - VBM                585            273        46.67                203      55             183          83             194          71             219          46
1018 1018                2037            343        16.84                223     103             212         117             214         115             242          87
1018 - VBM               2037           1010        49.58                680     274             629         339             663         300             738         222
2019 2019                 537            156        29.05                108      29             106          35             106          33             120          20
2019 - VBM                537            199        37.06                156      33             159          32             146          44             159          25
2020 2020                1925            385        20.00                251     102             257         102             241         117             274          83
2020 - VBM               1925            969        50.34                609     324             634         306             636         299             702         238
2021 2021                1282            320        24.96                224      76             218          87             207          97             226          73
2021 - VBM               1282            603        47.04                409     174             404         181             413         166             444         140
2022 2022                1672            447        26.73                238     191             268         161             275         150             292         132
2022 - VBM               1672            901        53.89                541     322             542         327             570         296             619         248
2023 2023                2008            398        19.82                244     127             252         136             258         120             276         104
2023 - VBM               2008           1056        52.59                738     270             694         326             754         252             753         258
2024 2024                1961            334        17.03                182     129             178         138             203         108             228          87
2024 - VBM               1961           1176        59.97                746     381             705         436             744         376             804         328
2025 2025                2165            422        19.49                323      73             290         114             304         101             336          66
2025 - VBM               2165            933        43.09                748     141             704         186             711         180             770         118
2027 2027                1449            306        21.12                183     102             181         112             182         105             213          78
2027 - VBM               1449            833        57.49                534     266             507         297             530         267             590         206
2028 2028                1258            242        19.24                130      98             122         114             146          82             156          74
2028 - VBM               1258            739        58.74                404     301             410         301             431         275             486         223
2029 2029                1659            286        17.24                144     124             157         118             162         112             184          89
2029 - VBM               1659           1009        60.82                546     417             551         427             613         357             658         309
2030 2030                1636            375        22.92                199     155             194         165             183         171             231         123
2030 - VBM               1636            952        58.19                583     323             543         372             606         297             657         255
2031 2031                 878            213        24.26                123      82             114          91             115          88             137          68
2031 - VBM                878            460        52.39                293     147             270         174             311         127             313         129
2032 2032                1170            200        17.09                128      58             119          73             116          72             139          48
12/02/16 4:09 PM                                                   COUNTY OF MONTEREY Statement of Vote                                                         62 of 133
November 8,2016                                                      PRESIDENTIAL GENERAL ELECTION

                                                                                       CALIFORNIA




                                                               PROPOSITION 55




                                                                                       PROPOSITION 56




                                                                                                                   PROPOSITION 57




                                                                                                                                               PROPOSITION 58
                                  Ballots Cast
                   Registration




                                                 Turnout (%)




                                                               YES




                                                                                       YES




                                                                                                                   YES




                                                                                                                                               YES
                                                                                NO




                                                                                                        NO




                                                                                                                                    NO




                                                                                                                                                                NO
2032 - VBM               1170            580        49.57                376     177             364         195             379         177             416         140
2033 2033                 716            140        19.55                102      32             103          32              91          40             110          23
2033 - VBM                716            302        42.18                217      72             191         101             228          62             250          41
2034 2034                2426            419        17.27                304      84             320          78             273         118             324          69
2034 - VBM               2426           1224        50.45                900     248             865         293             843         309             971         177
2035 2035                 770            164        21.30                103      52             101          59              99          61             110          44
2035 - VBM                770            390        50.65                252     114             238         134             257         108             262         107
2036 2036                1639            308        18.79                224      72             191         106             227          72             236          61
2036 - VBM               1639            732        44.66                550     140             479         218             521         176             570         126
2037 2037                1463            287        19.62                179      80             178          85             165          94             199          58
2037 - VBM               1463            655        44.77                451     176             437         191             426         195             500         128
2038 2038                 740            120        16.22                 76      40              69          48              77          38              90          26
2038 - VBM                740            418        56.49                260     141             248         153             253         146             302         101
2039 2039                1526            260        17.04                176      67             170          75             158          90             193          53
2039 - VBM               1526            744        48.75                511     179             457         236             511         190             575         122
2040 2040                 852            147        17.25                 85      46              95          42              76          57              98          37
2040 - VBM                852            449        52.70                309     115             291         137             260         165             326          97
2041 2041                1105            195        17.65                119      67             132          57             124          59             137          52
2041 - VBM               1105            590        53.39                424     136             424         137             391         174             439         125
2042 2042                1383            239        17.28                166      60             162          67             158          70             185          45
2042 - VBM               1383            683        49.39                453     188             478         169             433         209             534         109
2043 2043                1308            242        18.50                158      68             147          80             153          73             179          50
2043 - VBM               1308            716        54.74                474     203             469         211             452         225             515         170
2044 2044                 993            169        17.02                112      44             119          40              99          59             125          33
2044 - VBM                993            562        56.60                391     146             405         139             375         165             407         130
2045 2045                1576            286        18.15                189      80             190          85             165         107             205          64
2045 - VBM               1576            858        54.44                568     239             585         231             545         266             637         170
2046 2046                1426            321        22.51                204      89             222          79             193         105             225          74
2046 - VBM               1426            710        49.79                489     186             480         199             437         235             518         154
2047 2047                 690            134        19.42                 87      43              86          45              81          49              94          36
2047 - VBM                690            321        46.52                205      97             207          97             187         112             216          87
3048 3048                 984            135        13.72                 93      33             103          26              92          38             104          27
3048 - VBM                984            463        47.05                364      76             330         112             302         140             376          68
3049 3049                2427            427        17.59                319      79             321          83             299         108             337          67
3049 - VBM               2427           1141        47.01                862     234             869         236             823         276             957         138
3050 3050                1257            237        18.85                154      72             164          65             152          72             182          42
3050 - VBM               1257            637        50.68                356     253             415         199             378         233             427         180
3051 3051                1627            323        19.85                200      90             202          94             178         115             218          73
3051 - VBM               1627            768        47.20                549     164             522         202             486         231             588         132
3052 3052                1402            302        21.54                213      71             194          95             202          87             240          51
3052 - VBM               1402            663        47.29                493     142             472         167             416         224             512         127
3053 3053                1195            229        19.16                165      44             149          62             161          51             180          28
3053 - VBM               1195            496        41.51                404      70             357         118             367         105             419          53
3054 3054                1527            309        20.24                204      83             206          85             175         114             232          56
3054 - VBM               1527            695        45.51                516     128             466         186             446         196             529         112
3055 3055                1445            303        20.97                202      81             207          82             177         111             228          61
3055 - VBM               1445            709        49.07                512     155             484         192             468         203             565         108
3056 3056                1665            303        18.20                200      76             214          70             183          98             219          59
3056 - VBM               1665            756        45.41                552     159             547         171             487         236             595         122
3057 3057                1200            248        20.67                173      52             161          63             134          89             175          49
3057 - VBM               1200            570        47.50                426     116             388         152             359         175             444          96
3058 3058                1722              342      19.86                237      82             230          87             222          95             264          53
3058 - VBM               1722              846      49.13                643     162             599         214             607         202             677         135
3059 3059                1682              350      20.81                261      71             242          91             225         106             279          55
3059 - VBM               1682              747      44.41                582     128             551         165             540         175             603         110
3062 3062                1277              306      23.96                176     113             155         137             155         137             160         127
3062 - VBM               1277              658      51.53                319     309             306         324             326         303             398         230
3063 3063                 634              143      22.56                 52      86              42          98              56          82              69          67
3063 - VBM                634              377      59.46                150     212             128         238             164         200             190         170
3160 3160                 748              194      25.94                135      53             144          45             113          73             147          41
3160 - VBM                748              328      43.85                229      85             226          89             212          98             258          54
12/02/16 4:09 PM                                                   COUNTY OF MONTEREY Statement of Vote                                                         63 of 133
November 8,2016                                                      PRESIDENTIAL GENERAL ELECTION

                                                                                       CALIFORNIA




                                                               PROPOSITION 55




                                                                                       PROPOSITION 56




                                                                                                                   PROPOSITION 57




                                                                                                                                               PROPOSITION 58
                                  Ballots Cast
                   Registration




                                                 Turnout (%)




                                                               YES




                                                                                       YES




                                                                                                                   YES




                                                                                                                                               YES
                                                                                NO




                                                                                                        NO




                                                                                                                                    NO




                                                                                                                                                                NO
3260 3260                 446             15         3.36                  9       6              11           4               8           7              11           3
3260 - MBP                446            289        64.80                208      64             174         102             186          84             201          68
3260 - VBM                446              0         0.00                  0       0               0           0               0           0               0           0
3360 3360                 632            183        28.96                131      41             114          61             118          55             140          33
3360 - VBM                632            269        42.56                189      71             152         106             167          91             191          65
3460 3460                 672            167        24.85                114      45             122          36             108          54             132          29
3460 - VBM                672            249        37.05                196      39             179          57             171          66             202          33
3560 3560                 627             36         5.74                 23       7              23           9              21          11              22           9
3560 - MBP                627            448        71.45                253     166             236         187             249         166             273         146
3560 - VBM                627              0         0.00                  0       0               0           0               0           0               0           0
4064 4064                1168            297        25.43                195      87             202          88             199          87             226          54
4064 - VBM               1168            661        56.59                422     187             388         228             430         181             457         148
4065 4065                2497            585        23.43                398     127             397         143             405         128             448          88
4065 - VBM               2497           1177        47.14                772     313             782         315             806         278             875         217
4066 4066                1238            254        20.52                164      72             149          93             171          69             196          45
4066 - VBM               1238            540        43.62                345     145             309         197             345         151             374         126
4067 4067                1627            382        23.48                269      87             236         124             281          75             294          56
4067 - VBM               1627            846        52.00                631     174             572         239             648         154             663         142
4068 4068                1275            199        15.61                133      48             118          62             150          37             140          38
4068 - VBM               1275            735        57.65                545     158             467         240             564         138             554         152
4069 4069                1274            227        17.82                155      44             147          55             164          42             175          31
4069 - VBM               1274            619        48.59                471     117             426         174             472         123             492         103
4070 4070                1470            188        12.79                137      41             118          59             149          29             153          23
4070 - VBM               1470            680        46.26                553      88             484         164             520         121             551          92
4071 4071                1508            296        19.63                199      67             190          88             221          54             218          56
4071 - VBM               1508            779        51.66                591     137             494         239             580         143             588         138
4072 4072                 876            155        17.69                105      35             108          36             105          37             122          22
4072 - VBM                876            435        49.66                316      95             277         137             321          91             341          70
4073 4073                1385            297        21.44                187      84             165         115             188          84             201          72
4073 - VBM               1385            677        48.88                459     172             425         222             452         179             501         133
4074 4074                1764            382        21.66                251      99             233         124             254          98             263          90
4074 - VBM               1764            900        51.02                632     218             569         289             602         246             642         204
4075 4075                1245            293        23.53                192      76             171         104             193          81             207          63
4075 - VBM               1245            665        53.41                467     160             437         202             482         148             503         124
4076 4076                1388            319        22.98                200      91             195         106             216          80             224          75
4076 - VBM               1388            738        53.17                506     184             468         227             501         183             549         135
4077 4077                1607            332        20.66                230      74             208         101             233          71             240          66
4077 - VBM               1607            717        44.62                494     170             442         235             491         177             535         138
4078 4078                1626            301        18.51                185      90             152         126             198          76             208          67
4078 - VBM               1626            879        54.06                632     187             572         272             591         242             665         172
4079 4079                1600            336        21.00                214     107             195         128             220         102             243          77
4079 - VBM               1600            830        51.88                577     190             486         296             544         230             605         170
4080 4080                1197            322        26.90                227      70             221          86             239          62             263          38
4080 - VBM               1197            510        42.61                383      90             358         119             407          71             415          65
4081 4081                1566            426        27.20                336      55             312          88             331          64             346          49
4081 - VBM               1566            731        46.68                620      77             571         130             600          91             616          78
4082 4082                1597            192        12.02                130      52             117          69             128          55             135          47
4082 - VBM               1597            877        54.92                584     241             546         291             594         236             626         205
4083 4083                2219            358        16.13                231     107             248          97             244          98             269          75
4083 - VBM               2219           1237        55.75                800     349             781         395             826         322             881         278
4084 4084                1724            276        16.01                154     105             171          94             168          88             188          77
4084 - VBM               1724           1061        61.54                633     366             608         400             604         389             676         318
4085 4085                1149            182        15.84                 94      76             103          71              80          89             107          63
4085 - VBM               1149            759        66.06                438     272             474         247             421         291             480         233
4086 4086                 928            148        15.95                 97      46              86          55              98          44             105          40
4086 - VBM                928            547        58.94                339     175             340         184             347         170             373         147
4087 4087                1451            193        13.30                109      69             127          59             107          75             132          53
4087 - VBM               1451            925        63.75                609     270             552         334             556         321             666         216
4088 4088                 920            140        15.22                 83      53              91          45              90          45              88          47
4088 - VBM                920            605        65.76                337     226             344         232             370         198             416         149
4089 4089                1366            254        18.59                137     107             147         102             144         101             161          87
12/02/16 4:09 PM                                                   COUNTY OF MONTEREY Statement of Vote                                                         64 of 133
November 8,2016                                                      PRESIDENTIAL GENERAL ELECTION

                                                                                       CALIFORNIA




                                                               PROPOSITION 55




                                                                                       PROPOSITION 56




                                                                                                                   PROPOSITION 57




                                                                                                                                               PROPOSITION 58
                                  Ballots Cast
                   Registration




                                                 Turnout (%)




                                                               YES




                                                                                       YES




                                                                                                                   YES




                                                                                                                                               YES
                                                                                NO




                                                                                                        NO




                                                                                                                                    NO




                                                                                                                                                                NO
4089 - VBM               1366            813        59.52                489     272             454         320             485         280             543         232
4090 4090                1269            219        17.26                124      86             139          73             124          88             153          63
4090 - VBM               1269            763        60.13                450     275             424         310             448         274             516         212
5091 5091                1521            315        20.71                203      81             209          91             227          68             234          54
5091 - VBM               1521            877        57.66                622     199             582         254             641         176             667         160
5092 5092                1692            434        25.65                299      90             291         121             304          90             311          80
5092 - VBM               1692            862        50.95                589     206             586         225             634         159             647         144
5093 5093                2004            457        22.80                316      95             308         126             321          98             333          89
5093 - VBM               2004           1148        57.29                814     234             767         295             854         198             877         173
5094 5094                1542            366        23.74                227      98             231         111             248          82             267          65
5094 - VBM               1542            854        55.38                583     220             558         265             615         195             635         173
5095 5095                1473            367        24.92                252      78             235         106             234         100             258          73
5095 - VBM               1473            744        50.51                545     150             484         223             530         164             549         144
5096 5096                 991            151        15.24                 88      52             106          37              93          46             113          27
5096 - VBM                991            673        67.91                393     236             454         182             445         184             463         170
5097 5097                1210            245        20.25                134      91             160          69             135          84             166          60
5097 - VBM               1210            768        63.47                474     233             518         199             539         173             528         178
5098 5098                1341            264        19.69                175      63             170          75             187          56             181          58
5098 - VBM               1341            858        63.98                558     248             600         216             614         191             615         181
5099 5099                1282            275        21.45                165      86             164          94             164          85             190          62
5099 - VBM               1282            844        65.83                553     236             578         227             574         220             611         184
5100 5100                2122            483        22.76                315     121             311         142             356          89             350          89
5100 - VBM               2122           1216        57.30                770     347             816         326             845         271             890         225
5101 5101                1595            299        18.75                198      71             204          78             208          64             229          45
5101 - VBM               1595           1045        65.52                673     301             721         272             721         254             755         225
5102 5102                1546            339        21.93                206      97             225          90             232          79             235          71
5102 - VBM               1546            932        60.28                641     222             668         212             665         195             703         167
5103 5103                1466            319        21.76                211      84             208          97             234          64             235          65
5103 - VBM               1466            933        63.64                639     214             642         229             655         203             681         176
5104 5104                1335            302        22.62                202      67             212          61             208          59             218          54
5104 - VBM               1335            790        59.18                525     198             541         202             544         182             584         147
5105 5105                1427            315        22.07                198      89             212          86             203          83             237          52
5105 - VBM               1427            886        62.09                611     191             601         210             649         155             649         146
5106 5106                1443            330        22.87                205      93             211          99             232          68             244          58
5106 - VBM               1443            830        57.52                513     250             564         222             546         218             575         193
5107 5107                1353            319        23.58                211      78             217          89             216          81             248          51
5107 - VBM               1353            824        60.90                565     195             552         217             594         164             589         177
5108 5108                1951            373        19.12                161     180             228         124             235         110             231         116
5108 - VBM               1951           1305        66.89                636     594             835         422             830         400             861         376
5109 5109                1354            255        18.83                105     125             153          86             144          94             155          79
5109 - VBM               1354            915        67.58                363     489             541         333             540         311             539         313
5110 5110                1334            365        27.36                207     119             223         121             241          92             259          74
5110 - VBM               1334            813        60.94                487     267             564         209             546         204             561         191
5111 5111                1295            306        23.63                162     110             193          85             198          78             209          70
5111 - VBM               1295            805        62.16                444     316             525         247             538         222             574         190
5112 5112                1250            263        21.04                157      91             173          83             171          78             176          73
5112 - VBM               1250            797        63.76                457     281             529         218             561         174             553         190
5113 5113                1752            404        23.06                207     162             274         116             254         123             283          99
5113 - VBM               1752           1087        62.04                636     381             743         292             756         260             782         233
5114 5114                1282            269        20.98                141     107             177          83             165          86             180          75
5114 - VBM               1282            852        66.46                517     278             585         229             583         210             627         175
5115 5115                 756              108      14.29                 58      41              66          34              63          36              72          25
5115 - VBM                756              544      71.96                324     182             362         156             358         137             378         129
5116 5116                1257              237      18.85                109     110             157          67             137          78             163          53
5116 - VBM               1257              812      64.60                407     354             498         269             518         246             526         237
5117 5117                1452              302      20.80                153     126             193         101             195          89             214          71
5117 - VBM               1452              939      64.67                532     350             625         275             633         252             669         217
5118 5118                1253              237      18.91                140      82             169          60             172          54             167          59
5118 - VBM               1253              859      68.56                488     331             603         225             614         197             626         190
5119 5119                1025              247      24.10                147      74             154          76             171          55             183          43
5119 - VBM               1025              621      60.59                409     171             433         167             472         112             455         129
12/02/16 4:09 PM                                                    COUNTY OF MONTEREY Statement of Vote                                                                       65 of 133
November 8,2016                                                       PRESIDENTIAL GENERAL ELECTION

                                                                                                  CALIFORNIA




                                                                PROPOSITION 55




                                                                                                  PROPOSITION 56




                                                                                                                                 PROPOSITION 57




                                                                                                                                                              PROPOSITION 58
                                   Ballots Cast
                   Registration




                                                  Turnout (%)




                                                                YES




                                                                                                  YES




                                                                                                                                 YES




                                                                                                                                                              YES
                                                                                 NO




                                                                                                                   NO




                                                                                                                                                  NO




                                                                                                                                                                               NO
5120 5120                1211             298        24.61                197      81                     192        92              223             60             218              57
5120 - VBM               1211             740        61.11                484     204                     508      200               527            169             555             142
5121 5121                 501             166        33.13                129      30                     125        39              141             15             134              22
5121 - VBM                501             221        44.11                171      31                     166        47              182             27             179              25
5122 5122                 592             134        22.64                 75      46                      73        54               93             27              98              25
5122 - VBM                592             361        60.98                230     112                     197      149               266             75             260              82
5123 5123                1212             193        15.92                 82      93                     108        71              100             79             114              58
5123 - VBM               1212             836        68.98                372     403                     514      284               477            312             503             287
5124 5124                1915             318        16.61                144     151                     183      120               173            125             192             103
5124 - VBM               1915            1320        68.93                640     614                     811      460               814            439             855             412
5125 5125                1594             152         9.54                 65      71                      88        57               76             63              85              52
5125 - VBM               1594            1080        67.75                527     491                     639      396               583            431             663             360
5126 5126                1690             290        17.16                126     136                     167      101               136            125             161             101
5126 - VBM               1690            1129        66.80                517     550                     707      375               636            430             703             366
5127 5127                1436             224        15.60                115      97                     119        98              130             88             142              75
5127 - VBM               1436             961        66.92                463     453                     528      397               504            406             559             357
9101 - MBP                 45              31        68.89                 20       9                      16        13               24              4              26               3
9101 - VBM                 45               0         0.00                  0       0                       0         0                 0             0                0              0
9102 - MBP                240             186        77.50                130      44                     124        53              122             56             154              21
9102 - VBM                240               0         0.00                  0       0                       0         0                 0             0                0              0
9103 - MBP                104              86        82.69                 60      21                      51        29               58             23              63              17
9103 - VBM                104               0         0.00                  0       0                       0         0                 0             0                0              0
9204 - MBP                  0               0         0.00                  0       0                       0         0                 0             0                0              0
9204 - VBM                  0               0         0.00                  0       0                       0         0                 0             0                0              0
9205 - MBP                 10               2        20.00                  2       ***********
                                                                                    0                   Insufficient
                                                                                                            2        Turnout
                                                                                                                      0      to Protect 1Voter     Privacy
                                                                                                                                                      0      ********* 2              0
9205 - VBM                 10               0         0.00                  0       0                       0         0                 0             0                0              0
9206 - MBP                  0               0         0.00                  0       0                       0         0                 0             0                0              0
9206 - VBM                  0               0         0.00                  0       0                       0         0                 0             0                0              0
9207 - MBP                378             285        75.40                204      65                     185        87              206             63             218              52
9207 - VBM                378               0         0.00                  0       0                       0         0                 0             0                0              0
9208 - MBP                 51              47        92.16                 23      24                      19        27               25             20              28              18
9208 - VBM                 51               0         0.00                  0       0                       0         0                 0             0                0              0
9209 - MBP                 96              82        85.42                 38      38                      27        50               48             29              51              25
9209 - VBM                 96               0         0.00                  0       0                       0         0                 0             0                0              0
9210 - MBP                 32              27        84.38                 18       8                      15        11               20              6              20               6
9210 - VBM                 32               0         0.00                  0       0                       0         0                 0             0                0              0
9211 - MBP                 45              31        68.89                 13      16                      16        12               17             11              18               9
9211 - VBM                 45               0         0.00                  0       0                       0         0                 0             0                0              0
9212 - MBP                162             138        85.19                 75      54                      57        75               76             54              89              39
9212 - VBM                162               1         0.62                  0       ***********
                                                                                    1                   Insufficient
                                                                                                            0        Turnout
                                                                                                                      1      to Protect 0Voter     Privacy
                                                                                                                                                      1      ********* 0              1
9213 - MBP                 42              28        66.67                 14      11                      12        14               16             10              20               5
9213 - VBM                 42               1         2.38                  1       ***********
                                                                                    0                   Insufficient
                                                                                                            0        Turnout
                                                                                                                      1      to Protect 1Voter     Privacy
                                                                                                                                                      0      ********* 1              0
9214 - MBP                175             130        74.29                 76      46                      68        55               75             49              86              37
9214 - VBM                175               0         0.00                  0       0                       0         0                 0             0                0              0
9215 - MBP                 69              35        50.72                 18      15                      13        19               24              8              24               8
9215 - VBM                 69               0         0.00                  0       0                       0         0                 0             0                0              0
9216 - MBP                 70              59        84.29                 24      32                      17        40               29             28              22              33
9216 - VBM                 70               0         0.00                  0       0                       0         0                 0             0                0              0
9217 - MBP                 36              34        94.44                 13      17                       9        23               13             18              11              21
9217 - VBM                 36               0         0.00                  0       0                       0         0                 0             0                0              0
9218 - MBP                  1               0         0.00                  0       0                       0         0                 0             0                0              0
9218 - VBM                     1              0       0.00                  0       0                       0         0                 0         0                    0              0
9319 - MBP                   525            462      88.00                286     154                     267      175               271        167                 313             127
9319 - VBM                   525              1       0.19                  0       ***********
                                                                                    0                   Insufficient
                                                                                                            0        Turnout
                                                                                                                      1      to Protect 0Voter Privacy
                                                                                                                                                  1          ********* 1              0
9320 - MBP                     0              0       0.00                  0       0                       0         0                 0         0                    0              0
9320 - VBM                     0              0       0.00                  0       0                       0         0                 0         0                    0              0
9321 - MBP                    18             17      94.44                  6      10                       6        11                 6        11                    7             10
9321 - VBM                    18              0       0.00                  0       0                       0         0                 0         0                    0              0
9322 - MBP                   226            178      78.76                 78      86                      82        82               71         91                  95              68
9322 - VBM                   226              0       0.00                  0       0                       0         0                 0         0                    0              0
9323 - MBP                    17             16      94.12                  3      13                       6        10                 8         8                    8              8
12/02/16 4:09 PM                                                    COUNTY OF MONTEREY Statement of Vote                                                                      66 of 133
November 8,2016                                                       PRESIDENTIAL GENERAL ELECTION

                                                                                                  CALIFORNIA




                                                                PROPOSITION 55




                                                                                                  PROPOSITION 56




                                                                                                                                 PROPOSITION 57




                                                                                                                                                             PROPOSITION 58
                                   Ballots Cast
                   Registration




                                                  Turnout (%)




                                                                YES




                                                                                                  YES




                                                                                                                                 YES




                                                                                                                                                             YES
                                                                                 NO




                                                                                                                   NO




                                                                                                                                                  NO




                                                                                                                                                                              NO
9323 - VBM                    17              0     0.00                    0       0                       0         0                 0         0                   0             0
9324 - MBP                   116             90    77.59                   43      39                      45        36               41         44                 55             28
9324 - VBM                   116              0     0.00                    0       0                       0         0                 0         0                   0             0
9325 - MBP                    61             53    86.89                   25      26                      24        27               19         30                 28             22
9325 - VBM                    61              0     0.00                    0       0                       0         0                 0         0                   0             0
9326 - MBP                   196            135    68.88                   69      61                      77        54               72         55                 91             40
9326 - VBM                   196              0     0.00                    0       0                       0         0                 0         0                   0             0
9327 - MBP                    47             40    85.11                   16      19                      13        23               20         16                 23             12
9327 - VBM                    47              0     0.00                    0       0                       0         0                 0         0                   0             0
9328 - MBP                   220            162    73.64                   90      63                      87        70               97         58                114             40
9328 - VBM                   220              0     0.00                    0       0                       0         0                 0         0                   0             0
9329 - MBP                   137             99    72.26                   52      41                      40        54               55         39                 64             27
9329 - VBM                   137              0     0.00                    0       0                       0         0                 0         0                   0             0
9330 - MBP                    31             23    74.19                   13      10                      13        10               13         10                 15              8
9330 - VBM                    31              0     0.00                    0       0                       0         0                 0         0                   0             0
9331 - MBP                    44             37    84.09                   15      20                      12        23               12         22                 19             17
9331 - VBM                    44              0     0.00                    0       0                       0         0                 0         0                   0             0
9332 - MBP                   279            229    82.08                  111     109                     108      112               122         95                132             84
9332 - VBM                   279              0     0.00                    0       0                       0         0                 0         0                   0             0
9333 - MBP                   165            141    85.45                   67      68                      48        88               79         57                 81             54
9333 - VBM                   165              0     0.00                    0       0                       0         0                 0         0                   0             0
9334 - MBP                    40             33    82.50                   12      21                      10        23               14         19                 15             18
9334 - VBM                    40              0     0.00                    0       0                       0         0                 0         0                   0             0
9335 - MBP                     9              6    66.67                    6       ***********
                                                                                    0                   Insufficient
                                                                                                            4        Turnout
                                                                                                                      2      to Protect 4Voter Privacy
                                                                                                                                                  2         ********* 6             0
9335 - VBM                     9              0     0.00                    0       0                       0         0                 0         0                   0             0
9336 - MBP                   202            154    76.24                   63      79                      64        83               71         72                 83             60
9336 - VBM                   202              0     0.00                    0       0                       0         0                 0         0                   0             0
9337 - MBP                   174            138    79.31                   37      92                      40        90               53         73                 63             65
9337 - VBM                   174              0     0.00                    0       0                       0         0                 0         0                   0             0
9338 - MBP                    24             19    79.17                    9       9                      11         7               10          8                 13              5
9338 - VBM                    24              0     0.00                    0       0                       0         0                 0         0                   0             0
9339 - MBP                   106             93    87.74                   38      44                      42        46               35         49                 47             38
9339 - VBM                   106              0     0.00                    0       0                       0         0                 0         0                   0             0
9340 - MBP                    89             72    80.90                   20      49                      32        40               23         48                 38             33
9340 - VBM                    89              0     0.00                    0       0                       0         0                 0         0                   0             0
9441 - MBP                    11             11   100.00                    7       4                       7         4                 6         5                   8             2
9441 - VBM                    11              0     0.00                    0       0                       0         0                 0         0                   0             0
9442 - MBP                     2              2   100.00                    0       ***********
                                                                                    0                   Insufficient
                                                                                                            0        Turnout
                                                                                                                      0      to Protect 0Voter Privacy
                                                                                                                                                  0         ********* 0             0
9442 - VBM                     2              0     0.00                    0       0                       0         0                 0         0                   0             0
9443 - MBP                     0              0     0.00                    0       0                       0         0                 0         0                   0             0
9443 - VBM                     0              0     0.00                    0       0                       0         0                 0         0                   0             0
9444 - MBP                    46             35    76.09                   17      17                      20        14               16         18                 24             10
9444 - VBM                    46              0     0.00                    0       0                       0         0                 0         0                   0             0
9445 - MBP                   131             96    73.28                   54      39                      55        37               60         33                 61             30
9445 - VBM                   131              0     0.00                    0       0                       0         0                 0         0                   0             0
9446 - MBP                    16              9    56.25                    7       ***********
                                                                                    2                   Insufficient
                                                                                                            5        Turnout
                                                                                                                      4      to Protect 5Voter Privacy
                                                                                                                                                  4         ********* 7             2
9446 - VBM                    16              0     0.00                    0       0                       0         0                 0         0                   0             0
9447 - MBP                    14             13    92.86                    4       7                      11         1                 8         5                 10              2
9447 - VBM                    14              0     0.00                    0       0                       0         0                 0         0                   0             0
9448 - MBP                     0              0     0.00                    0       0                       0         0                 0         0                   0             0
9448 - VBM                     0              0     0.00                    0       0                       0         0                 0         0                   0             0
9449 - MBP                   392            345      88.01                233         95                    249         79                 233         93              263         62
9449 - VBM                   392              0       0.00                  0          0                      0          0                   0          0                0          0
9450 - MBP                   207            161      77.78                108         40                     97         55                 127         24              117         31
9450 - VBM                   207              0       0.00                  0          0                      0          0                   0          0                0          0
9451 - MBP                   113             60      53.10                 46          5                     49          5                  48          3               46          4
9451 - VBM                   113              0       0.00                  0          0                      0          0                   0          0                0          0
9452 - MBP                    62             39      62.90                 28          5                     31          4                  31          4               34          1
9452 - VBM                    62              0       0.00                  0          0                      0          0                   0          0                0          0
9553 - MBP                   237            160      67.51                101         47                    127         22                 107         40              124         25
9553 - VBM                   237              0       0.00                  0          0                      0          0                   0          0                0          0
12/02/16 4:09 PM                                                               COUNTY OF MONTEREY Statement of Vote                                                          67 of 133
 November 8,2016                                                                 PRESIDENTIAL GENERAL ELECTION

                                                                                                    CALIFORNIA




                                                                           PROPOSITION 55




                                                                                                    PROPOSITION 56




                                                                                                                                PROPOSITION 57




                                                                                                                                                            PROPOSITION 58
                                              Ballots Cast
                              Registration




                                                             Turnout (%)




                                                                           YES




                                                                                                    YES




                                                                                                                                YES




                                                                                                                                                            YES
                                                                                            NO




                                                                                                                     NO




                                                                                                                                                 NO




                                                                                                                                                                             NO
9554 - MBP                              490            426      86.94                228      164             278         126             295         101             288         110
9554 - VBM                              490              0       0.00                  0        0               0           0               0           0               0           0
9555 - MBP                              293            259      88.40                132      111             164          84             163          80             177          67
9555 - VBM                              293              0       0.00                  0        0               0           0               0           0               0           0
9556 - MBP                              501            440      87.82                161      245             262         150             266         145             275         129
9556 - VBM                              501              0       0.00                  0        0               0           0               0           0               0           0
9557 - MBP                              740            633      85.54                259      326             412         183             357         231             404         188
9557 - VBM                              740              0       0.00                  0        0               0           0               0           0               0           0
9558 - MBP                              455            414      90.99                203      194             255         141             252         144             274         123
9558 - VBM                              455              0       0.00                  0        0               0           0               0           0               0           0
9559 - MBP                              841            760      90.37                400      307             504         214             536         176             528         186
9559 - VBM                              841              0       0.00                  0        0               0           0               0           0               0           0
9560 - MBP                              333            281      84.38                192       72             185          89             219          50             219          42
9560 - VBM                              333              0       0.00                  0        0               0           0               0           0               0           0
9561 - MBP                              224            164      73.21                116       32             108          45             132          18             128          19
9561 - VBM                              224              0       0.00                  0        0               0           0               0           0               0           0
9562 - MBP                              128            106      82.81                 31       70              61          41              59          40              73          28
9562 - VBM                              128              0       0.00                  0        0               0           0               0           0               0           0
9563 - MBP                               16             13      81.25                  7        6               7           6              12           1              11           2
9563 - VBM                               16              0       0.00                  0        0               0           0               0           0               0           0
9564 - MBP                               81             67      82.72                 43       19              42          23              37          24              47          13
9564 - VBM                               81              0       0.00                  0        0               0           0               0           0               0           0
9565 - MBP                               80             69      86.25                 31       30              34          26              33          25              45          17
9565 - VBM                               80              0       0.00                  0        0               0           0               0           0               0           0
9567 - MBP                              164            145      88.41                 43       90              83          55              69          67              81          54
9567 - VBM                              164              0       0.00                  0        0               0           0               0           0               0           0


Precinct Totals               175927            34506           19.61           21880        9999        22227       10416           22330        9860           24822        7353


MBP Totals                      10932               8843        80.89             4699       3570          5118       3271             5356       2934             5860       2419


VBM Totals                    185786            93753           50.46           61559       26569        61319       28016           62780       25516           68329       20170


Grand Totals                  175927          137102            77.93           88138       40138        88664       41703           90466       38310           99011       29942
CALIFORNIA                    175927          137102            77.93           88138       40138        88664       41703           90466       38310           99011       29942
20th CONGRESS                 175927          137102            77.93           88138       40138        88664       41703           90466       38310           99011       29942
12th SENATORIAL DISTRICT       77080           53533            69.45           36573       13768        35431       15500           34779       15786           39960       10664
17th SENATORIAL DISTRICT       98847           83569            84.54           51565       26370        53233       26203           55687       22524           59051       19278
29th ASSEMBLY DISTRICT         92492           76834            83.07           48162       23412        49644       23319           51836       20004           54861       17096
30th ASSEMBLY DISTRICT         83435           60268            72.23           39976       16726        39020       18384           38630       18306           44150       12846
2ND DIST, BOARD OF EQUALIZA   175927          137102            77.93           88138       40138        88664       41703           90466       38310           99011       29942
1ST SUPERVISORIAL DISTRICT     24156           15295            63.32           10859        3466        10430        4078           10485        3948           11868        2563
2ND SUPERVISORIAL DISTRICT     38213           28179            73.74           18417        8253        17922        9045           18151        8595           20305        6485
3RD SUPERVISORIAL DISTRICT     23169           17859            77.08           11923        4931        11436        5577           11029        5882           13055        3841
4TH SUPERVISORIAL DISTRICT     38934           29030            74.56           19535        7577        18320        9232           19641        7576           21178        6103
5TH SUPERVISORIAL DISTRICT     51455           46739            90.83           27404       15911        30556       13771           31160       12309           32605       10950
CARMEL-BY-THE-SEA               2629            2289            87.07            1300         812         1505         662            1523         596            1603         525
DEL REY OAKS                    1168             958            82.02             617         274          590         316             629         268             683         202
GONZALES                        3029            2056            67.88            1455         467         1390         558            1282         657            1558         383
GREENFIELD                      4604            3103            67.40            2322         611         2171         772            2087         842            2442         498
KING CITY                       3125            2178            69.70            1487         577         1381         696            1353         705            1577         481
MARINA                          10427            7563           72.53            5218        1811         4738        2419            5202        1871            5596        1485
MONTEREY                        15178           12361           81.44            8176        3211         8255        3406            8667        2769            9009        2414
PACIFIC GROVE                   10165            8463           83.26            5598        2150         5778        2164            5907        1869            6182        1627
SALINAS                         57347           38852           67.75           26438       10069        25748       11222           25469       11225           28963        7791
SAND CITY                           0             161            0.00             108          40           97          55             127          24             117          31
SEASIDE                         13150            9131           69.44            6476        2009         5913        2707            6590        1936            6932        1608
SOLEDAD                          5832            3800           65.16            2755         796         2630         966            2464        1114            2967         599
UNINCORPORATED COUNTY A         49273           46187           93.74           26188       17311        28468       15760           29166       14434           31382       12298
SALINAS DISTRICT 1               6920            4545           65.68            3346         921         3273        1045            3131        1151            3621         667
SALINAS DISTRICT 2               6582            3936           59.80            3002         716         2879         878            2770         978            3260         490
12/02/16 4:09 PM                                                       COUNTY OF MONTEREY Statement of Vote                                                    68 of 133
November 8,2016                                                          PRESIDENTIAL GENERAL ELECTION

***Grand Totals                                                                             CALIFORNIA




                                                                   PROPOSITION 55




                                                                                            PROPOSITION 56




                                                                                                                     PROPOSITION 57




                                                                                                                                              PROPOSITION 58
                                      Ballots Cast
                       Registration




                                                     Turnout (%)




                                                                   YES




                                                                                            YES




                                                                                                                     YES




                                                                                                                                              YES
                                                                                    NO




                                                                                                             NO




                                                                                                                                      NO




                                                                                                                                                               NO
SALINAS DISTRICT 3       13681          10274           75.10             6331       3331          6204       3610          6351       3326          7077       2657
SALINAS DISTRICT 4        8230           5236           63.62             3646       1249          3539       1429          3563       1362          3961        963
SALINAS DISTRICT 5        9812           6414           65.37             4407       1616          4109       1980          4212       1860          4783       1282
SALINAS DISTRICT 6       12122           8633           71.22             5836       2280          5868       2333          5564       2604          6415       1753
KING CITY DISTRICT 1       748            522           69.79              364        138           370        134           325        171           405         95
KING CITY DISTRICT 2       446            304           68.16              217         70           185        106           194         91           212         71
KING CITY DISTRICT 3       632            452           71.52              320        112           266        167           285        146           331         98
KING CITY DISTRICT 4       672            416           61.90              310         84           301         93           279        120           334         62
KING CITY DISTRICT 5       627            484           77.19              276        173           259        196           270        177           295        155
