0001 CP 01                              6   329     3   489    42    13
0002 CP 02                             10   305     2   421    34    19
0003 CP 03                              9   205     0   241    27    11
0004 CP 04                             15   252     2   524    33    13
0005 CP 05                              9   149     1   255    21     8
0006 CP 06                              4   392     4   751    83    41
0007 CP 07                              4   220     2   529    24    16
0008 CP 08                              1    40     0   161     4     7
0009 CP 09                              2    62     2   226    16     9
0010 CP 10                             13   133     2   334    20    20
0011 CP 11                              2    66     0    47     7     2
0012 CP 12                              2   145     0   227    17    10
0013 CP 13                             14    92     1   179    15     8
0014 CP 14                              7   218     2   418    31     9
0015 CP 15                             13   219     2   334    23    10
0016 CP 16                              8   231     0   379    18    18
0017 CP 17                             10   212     1   373    27    11
0018 CP 18                              3   330     1   394    44    26
0019 CP 19                              8   309     1   540    25    22
0020 CP 20                              8   210     4   324    19    12
0021 CP 21                             12   266     5   524    51    12
0022 CP 22                              5   134     9   273    24     8
0023 CP 23                             14   371     2   490    38    10
0024 CP 25                             10   215     2   287    34     7
0025 CP 26                              8   162     2   281    20    14
0026 CP 27                              8   181     0   266    24    14
0027 CP 28                              4   168     1   312    27     6
0028 CP 29                              4   126     1   287    13     9
0029 CP 30                             13   234     3   601    42    23
0030 CP 83                              1    28     0    18     1     0