
                                                   VOTES  PERCENT
Proposition 51
  VOTE FOR  1
   01 = YES                                        6,774   38.65
   02 = NO                                        10,753   61.35
                                   ------------
                                       01    02
                                   ------------
0001 CP 01                            370   488
0002 CP 02                            328   441
0003 CP 03                            212   262
0004 CP 04                            253   558
0005 CP 05                            160   278
0006 CP 06                            475   757
0007 CP 07                            310   475
0008 CP 08                             49   166
0009 CP 09                             83   230
0010 CP 10                            186   327
0011 CP 11                             63    60
0012 CP 12                            134   249
0013 CP 13                            112   182
0014 CP 14                            268   410
0015 CP 15                            233   351
0016 CP 16                            253   385
0017 CP 17                            263   346
0018 CP 18                            362   431
0019 CP 19                            337   548
0020 CP 20                            246   306
0021 CP 21                            343   511
0022 CP 22                            172   268
0023 CP 23                            341   559
0024 CP 25                            184   362
0025 CP 26                            181   294
0026 CP 27                            177   312
0027 CP 28                            169   344
0028 CP 29                            134   293
0029 CP 30                            357   534
0030 CP 83                             19    26
0031 AV 101                             0     0
0032 AV 102                             0     0
0033 AV 103                             0     0
0034 AV 104                             0     0
0035 AV 105                             0     0
0036 AV 106                             0     0
0037 AV 107                             0     0
0038 AV 108                             0     0
0039 AV 109                             0     0
0040 AV 110                             0     0
0041 AV 111                             0     0
0042 AV 112                             0     0
0043 AV 113                             0     0
0044 AV 114                             0     0
0045 AV 115                             0     0
0046 AV 116                             0     0
0047 AV 117                             0     0
0048 AV 118                             0     0
0049 AV 119                             0     0
0050 AV 120                             0     0
0051 AV 121                             0     0
0052 AV 122                             0     0
0053 AV 123                             0     0
0054 AV 125                             0     0
0055 AV 126                             0     0
0056 AV 127                             0     0
0057 AV 128                             0     0
0058 AV 129                             0     0
0059 AV 130                             0     0
====================================================================================================================================

                                                   VOTES  PERCENT
Proposition 52
  VOTE FOR  1
   01 = YES                                        9,807   56.25
   02 = NO                                         7,627   43.75
                                   ------------
                                       01    02
                                   ------------
0001 CP 01                            500   342
0002 CP 02                            433   327
0003 CP 03                            308   162
0004 CP 04                            396   412
0005 CP 05                            228   208
0006 CP 06                            681   555
0007 CP 07                            412   365
0008 CP 08                             90   123
0009 CP 09                            145   167
0010 CP 10                            284   227
0011 CP 11                             88    33
0012 CP 12                            227   164
0013 CP 13                            155   136
0014 CP 14                            392   283
0015 CP 15                            360   230
0016 CP 16                            378   269
0017 CP 17                            367   231
0018 CP 18                            503   289
0019 CP 19                            518   372
0020 CP 20                            331   219
0021 CP 21                            466   382
0022 CP 22                            234   197
0023 CP 23                            498   392
0024 CP 25                            300   242
0025 CP 26                            275   195
0026 CP 27                            266   223
0027 CP 28                            256   247
0028 CP 29                            221   201
0029 CP 30                            464   419
0030 CP 83                             31    15
0031 AV 101                             0     0
0032 AV 102                             0     0
0033 AV 103                             0     0
0034 AV 104                             0     0
0035 AV 105                             0     0
0036 AV 106                             0     0
0037 AV 107                             0     0
0038 AV 108                             0     0
0039 AV 109                             0     0
0040 AV 110                             0     0
0041 AV 111                             0     0
0042 AV 112                             0     0
0043 AV 113                             0     0
0044 AV 114                             0     0
0045 AV 115                             0     0
0046 AV 116                             0     0
0047 AV 117                             0     0
0048 AV 118                             0     0
0049 AV 119                             0     0
0050 AV 120                             0     0
0051 AV 121                             0     0
0052 AV 122                             0     0
0053 AV 123                             0     0
0054 AV 125                             0     0
0055 AV 126                             0     0
0056 AV 127                             0     0
0057 AV 128                             0     0
0058 AV 129                             0     0
0059 AV 130                             0     0
====================================================================================================================================

                                                   VOTES  PERCENT
Proposition 53
  VOTE FOR  1
   01 = YES                                        9,146   52.96
   02 = NO                                         8,125   47.04
                                   ------------
                                       01    02
                                   ------------
0001 CP 01                            438   405
0002 CP 02                            385   376
0003 CP 03                            245   215
0004 CP 04                            426   382
0005 CP 05                            242   192
0006 CP 06                            670   543
0007 CP 07                            421   358
0008 CP 08                            120    95
0009 CP 09                            175   135
0010 CP 10                            288   212
0011 CP 11                             44    74
0012 CP 12                            199   185
0013 CP 13                            148   142
0014 CP 14                            348   320
0015 CP 15                            310   272
0016 CP 16                            338   299
0017 CP 17                            281   308
0018 CP 18                            390   373
0019 CP 19                            462   415
0020 CP 20                            297   251
0021 CP 21                            457   382
0022 CP 22                            214   212
0023 CP 23                            451   442
0024 CP 25                            247   290
0025 CP 26                            239   235
0026 CP 27                            280   205
0027 CP 28                            278   218
0028 CP 29                            224   194
0029 CP 30                            511   367
0030 CP 83                             18    28
0031 AV 101                             0     0
0032 AV 102                             0     0
0033 AV 103                             0     0
0034 AV 104                             0     0
0035 AV 105                             0     0
0036 AV 106                             0     0
0037 AV 107                             0     0
0038 AV 108                             0     0
0039 AV 109                             0     0
0040 AV 110                             0     0
0041 AV 111                             0     0
0042 AV 112                             0     0
0043 AV 113                             0     0
0044 AV 114                             0     0
0045 AV 115                             0     0
0046 AV 116                             0     0
0047 AV 117                             0     0
0048 AV 118                             0     0
0049 AV 119                             0     0
0050 AV 120                             0     0
0051 AV 121                             0     0
0052 AV 122                             0     0
0053 AV 123                             0     0
0054 AV 125                             0     0
0055 AV 126                             0     0
0056 AV 127                             0     0
0057 AV 128                             0     0
0058 AV 129                             0     0
0059 AV 130                             0     0
====================================================================================================================================

                                                   VOTES  PERCENT
Proposition 54
  VOTE FOR  1
   01 = YES                                       10,791   62.63
   02 = NO                                         6,439   37.37
                                   ------------
                                       01    02
                                   ------------
0001 CP 01                            502   335
0002 CP 02                            466   284
0003 CP 03                            285   175
0004 CP 04                            493   304
0005 CP 05                            244   189
0006 CP 06                            742   483
0007 CP 07                            477   299
0008 CP 08                            152    59
0009 CP 09                            204   103
0010 CP 10                            357   147
0011 CP 11                             73    46
0012 CP 12                            226   165
0013 CP 13                            167   118
0014 CP 14                            398   272
0015 CP 15                            384   190
0016 CP 16                            393   240
0017 CP 17                            350   235
0018 CP 18                            460   310
0019 CP 19                            550   326
0020 CP 20                            369   180
0021 CP 21                            512   322
0022 CP 22                            243   188
0023 CP 23                            570   325
0024 CP 25                            331   207
0025 CP 26                            310   157
0026 CP 27                            324   154
0027 CP 28                            318   176
0028 CP 29                            282   142
0029 CP 30                            585   287
0030 CP 83                             24    21
0031 AV 101                             0     0
0032 AV 102                             0     0
0033 AV 103                             0     0
0034 AV 104                             0     0
0035 AV 105                             0     0
0036 AV 106                             0     0
0037 AV 107                             0     0
0038 AV 108                             0     0
0039 AV 109                             0     0
0040 AV 110                             0     0
0041 AV 111                             0     0
0042 AV 112                             0     0
0043 AV 113                             0     0
0044 AV 114                             0     0
0045 AV 115                             0     0
0046 AV 116                             0     0
0047 AV 117                             0     0
0048 AV 118                             0     0
0049 AV 119                             0     0
0050 AV 120                             0     0
0051 AV 121                             0     0
0052 AV 122                             0     0
0053 AV 123                             0     0
0054 AV 125                             0     0
0055 AV 126                             0     0
0056 AV 127                             0     0
0057 AV 128                             0     0
0058 AV 129                             0     0
0059 AV 130                             0     0
====================================================================================================================================

                                                   VOTES  PERCENT
Proposition 55
  VOTE FOR  1
   01 = YES                                        8,587   49.21
   02 = NO                                         8,864   50.79
                                   ------------
                                       01    02
                                   ------------
0001 CP 01                            459   393
0002 CP 02                            416   345
0003 CP 03                            303   166
0004 CP 04                            344   466
0005 CP 05                            208   228
0006 CP 06                            586   647
0007 CP 07                            370   404
0008 CP 08                             63   152
0009 CP 09                            107   204
0010 CP 10                            227   277
0011 CP 11                             77    46
0012 CP 12                            202   185
0013 CP 13                            142   154
0014 CP 14                            346   335
0015 CP 15                            292   299
0016 CP 16                            338   296
0017 CP 17                            313   288
0018 CP 18                            433   355
0019 CP 19                            409   477
0020 CP 20                            304   249
0021 CP 21                            409   434
0022 CP 22                            216   214
0023 CP 23                            473   429
0024 CP 25                            250   291
0025 CP 26                            221   251
0026 CP 27                            215   271
0027 CP 28                            226   282
0028 CP 29                            194   232
0029 CP 30                            422   469
0030 CP 83                             22    25
0031 AV 101                             0     0
0032 AV 102                             0     0
0033 AV 103                             0     0
0034 AV 104                             0     0
0035 AV 105                             0     0
0036 AV 106                             0     0
0037 AV 107                             0     0
0038 AV 108                             0     0
0039 AV 109                             0     0
0040 AV 110                             0     0
0041 AV 111                             0     0
0042 AV 112                             0     0
0043 AV 113                             0     0
0044 AV 114                             0     0
0045 AV 115                             0     0
0046 AV 116                             0     0
0047 AV 117                             0     0
0048 AV 118                             0     0
0049 AV 119                             0     0
0050 AV 120                             0     0
0051 AV 121                             0     0
0052 AV 122                             0     0
0053 AV 123                             0     0
0054 AV 125                             0     0
0055 AV 126                             0     0
0056 AV 127                             0     0
0057 AV 128                             0     0
0058 AV 129                             0     0
0059 AV 130                             0     0
====================================================================================================================================

                                                   VOTES  PERCENT
Proposition 56
  VOTE FOR  1
   01 = YES                                        7,986   44.69
   02 = NO                                         9,884   55.31
                                   ------------
                                       01    02
                                   ------------
0001 CP 01                            432   445
0002 CP 02                            374   414
0003 CP 03                            250   235
0004 CP 04                            358   464
0005 CP 05                            207   237
0006 CP 06                            540   725
0007 CP 07                            339   455
0008 CP 08                             88   127
0009 CP 09                            116   200
0010 CP 10                            206   312
0011 CP 11                             76    48
0012 CP 12                            186   211
0013 CP 13                            118   184
0014 CP 14                            288   404
0015 CP 15                            273   330
0016 CP 16                            257   393
0017 CP 17                            306   315
0018 CP 18                            416   394
0019 CP 19                            417   485
0020 CP 20                            290   279
0021 CP 21                            392   471
0022 CP 22                            187   264
0023 CP 23                            422   500
0024 CP 25                            231   319
0025 CP 26                            203   281
0026 CP 27                            209   285
0027 CP 28                            256   267
0028 CP 29                            175   261
0029 CP 30                            346   560
0030 CP 83                             28    19
0031 AV 101                             0     0
0032 AV 102                             0     0
0033 AV 103                             0     0
0034 AV 104                             0     0
0035 AV 105                             0     0
0036 AV 106                             0     0
0037 AV 107                             0     0
0038 AV 108                             0     0
0039 AV 109                             0     0
0040 AV 110                             0     0
0041 AV 111                             0     0
0042 AV 112                             0     0
0043 AV 113                             0     0
0044 AV 114                             0     0
0045 AV 115                             0     0
0046 AV 116                             0     0
0047 AV 117                             0     0
0048 AV 118                             0     0
0049 AV 119                             0     0
0050 AV 120                             0     0
0051 AV 121                             0     0
0052 AV 122                             0     0
0053 AV 123                             0     0
0054 AV 125                             0     0
0055 AV 126                             0     0
0056 AV 127                             0     0
0057 AV 128                             0     0
0058 AV 129                             0     0
0059 AV 130                             0     0
====================================================================================================================================

                                                   VOTES  PERCENT
Proposition 57
  VOTE FOR  1
   01 = YES                                        7,784   44.34
   02 = NO                                         9,773   55.66
                                   ------------
                                       01    02
                                   ------------
0001 CP 01                            399   461
0002 CP 02                            372   394
0003 CP 03                            238   242
0004 CP 04                            315   489
0005 CP 05                            199   241
0006 CP 06                            482   756
0007 CP 07                            317   467
0008 CP 08                             85   130
0009 CP 09                            109   202
0010 CP 10                            231   278
0011 CP 11                             74    48
0012 CP 12                            170   218
0013 CP 13                            139   161
0014 CP 14                            317   365
0015 CP 15                            280   302
0016 CP 16                            290   348
0017 CP 17                            267   340
0018 CP 18                            357   432
0019 CP 19                            362   532
0020 CP 20                            243   319
0021 CP 21                            388   458
0022 CP 22                            193   246
0023 CP 23                            437   471
0024 CP 25                            262   282
0025 CP 26                            208   269
0026 CP 27                            222   268
0027 CP 28                            217   297
0028 CP 29                            194   236
0029 CP 30                            389   503
0030 CP 83                             28    18
0031 AV 101                             0     0
0032 AV 102                             0     0
0033 AV 103                             0     0
0034 AV 104                             0     0
0035 AV 105                             0     0
0036 AV 106                             0     0
0037 AV 107                             0     0
0038 AV 108                             0     0
0039 AV 109                             0     0
0040 AV 110                             0     0
0041 AV 111                             0     0
0042 AV 112                             0     0
0043 AV 113                             0     0
0044 AV 114                             0     0
0045 AV 115                             0     0
0046 AV 116                             0     0
0047 AV 117                             0     0
0048 AV 118                             0     0
0049 AV 119                             0     0
0050 AV 120                             0     0
0051 AV 121                             0     0
0052 AV 122                             0     0
0053 AV 123                             0     0
0054 AV 125                             0     0
0055 AV 126                             0     0
0056 AV 127                             0     0
0057 AV 128                             0     0
0058 AV 129                             0     0
0059 AV 130                             0     0
====================================================================================================================================

                                                   VOTES  PERCENT
Proposition 58
  VOTE FOR  1
   01 = YES                                       10,319   59.04
   02 = NO                                         7,160   40.96
                                   ------------
                                       01    02
                                   ------------
0001 CP 01                            511   341
0002 CP 02                            468   307
0003 CP 03                            314   160
0004 CP 04                            450   356
0005 CP 05                            265   169
0006 CP 06                            688   547
0007 CP 07                            440   332
0008 CP 08                            101   113
0009 CP 09                            162   147
0010 CP 10                            298   205
0011 CP 11                             84    39
0012 CP 12                            233   155
0013 CP 13                            175   123
0014 CP 14                            388   293
0015 CP 15                            364   221
0016 CP 16                            383   255
0017 CP 17                            363   246
0018 CP 18                            467   318
0019 CP 19                            514   363
0020 CP 20                            338   218
0021 CP 21                            503   345
0022 CP 22                            262   176
0023 CP 23                            552   356
0024 CP 25                            316   220
0025 CP 26                            276   199
0026 CP 27                            295   195
0027 CP 28                            305   201
0028 CP 29                            250   182
0029 CP 30                            531   355
0030 CP 83                             23    23
0031 AV 101                             0     0
0032 AV 102                             0     0
0033 AV 103                             0     0
0034 AV 104                             0     0
0035 AV 105                             0     0
0036 AV 106                             0     0
0037 AV 107                             0     0
0038 AV 108                             0     0
0039 AV 109                             0     0
0040 AV 110                             0     0
0041 AV 111                             0     0
0042 AV 112                             0     0
0043 AV 113                             0     0
0044 AV 114                             0     0
0045 AV 115                             0     0
0046 AV 116                             0     0
0047 AV 117                             0     0
0048 AV 118                             0     0
0049 AV 119                             0     0
0050 AV 120                             0     0
0051 AV 121                             0     0
0052 AV 122                             0     0
0053 AV 123                             0     0
0054 AV 125                             0     0
0055 AV 126                             0     0
0056 AV 127                             0     0
0057 AV 128                             0     0
0058 AV 129                             0     0
0059 AV 130                             0     0
====================================================================================================================================

                                                   VOTES  PERCENT
Proposition 59
  VOTE FOR  1
   01 = YES                                        6,823   40.77
   02 = NO                                         9,914   59.23
                                   ------------
                                       01    02
                                   ------------
0001 CP 01                            302   504
0002 CP 02                            330   408
0003 CP 03                            194   247
0004 CP 04                            305   471
0005 CP 05                            175   242
0006 CP 06                            433   744
0007 CP 07                            280   467
0008 CP 08                             53   154
0009 CP 09                            100   201
0010 CP 10                            199   279
0011 CP 11                             71    47
0012 CP 12                            166   208
0013 CP 13                            119   164
0014 CP 14                            278   387
0015 CP 15                            248   302
0016 CP 16                            274   338
0017 CP 17                            258   318
0018 CP 18                            348   403
0019 CP 19                            357   497
0020 CP 20                            248   286
0021 CP 21                            306   508
0022 CP 22                            139   269
0023 CP 23                            414   451
0024 CP 25                            223   305
0025 CP 26                            177   282
0026 CP 27                            162   305
0027 CP 28                            171   301
0028 CP 29                            183   234
0029 CP 30                            283   573
0030 CP 83                             27    19
0031 AV 101                             0     0
0032 AV 102                             0     0
0033 AV 103                             0     0
0034 AV 104                             0     0
0035 AV 105                             0     0
0036 AV 106                             0     0
0037 AV 107                             0     0
0038 AV 108                             0     0
0039 AV 109                             0     0
0040 AV 110                             0     0
0041 AV 111                             0     0
0042 AV 112                             0     0
0043 AV 113                             0     0
0044 AV 114                             0     0
0045 AV 115                             0     0
0046 AV 116                             0     0
0047 AV 117                             0     0
0048 AV 118                             0     0
0049 AV 119                             0     0
0050 AV 120                             0     0
0051 AV 121                             0     0
0052 AV 122                             0     0
0053 AV 123                             0     0
0054 AV 125                             0     0
0055 AV 126                             0     0
0056 AV 127                             0     0
0057 AV 128                             0     0
0058 AV 129                             0     0
0059 AV 130                             0     0
====================================================================================================================================

                                                   VOTES  PERCENT
Proposition 60
  VOTE FOR  1
   01 = YES                                        6,135   36.05
   02 = NO                                        10,882   63.95
                                   ------------
                                       01    02
                                   ------------
0001 CP 01                            316   519
0002 CP 02                            264   496
0003 CP 03                            209   241
0004 CP 04                            257   535
0005 CP 05                            171   260
0006 CP 06                            439   773
0007 CP 07                            282   482
0008 CP 08                             57   151
0009 CP 09                             88   211
0010 CP 10                            200   299
0011 CP 11                             38    81
0012 CP 12                            127   251
0013 CP 13                            107   187
0014 CP 14                            245   420
0015 CP 15                            200   370
0016 CP 16                            240   379
0017 CP 17                            217   366
0018 CP 18                            248   518
0019 CP 19                            279   570
0020 CP 20                            195   339
0021 CP 21                            303   511
0022 CP 22                            157   267
0023 CP 23                            329   538
0024 CP 25                            180   354
0025 CP 26                            175   289
0026 CP 27                            150   308
0027 CP 28                            175   320
0028 CP 29                            153   269
0029 CP 30                            320   547
0030 CP 83                             14    31
0031 AV 101                             0     0
0032 AV 102                             0     0
0033 AV 103                             0     0
0034 AV 104                             0     0
0035 AV 105                             0     0
0036 AV 106                             0     0
0037 AV 107                             0     0
0038 AV 108                             0     0
0039 AV 109                             0     0
0040 AV 110                             0     0
0041 AV 111                             0     0
0042 AV 112                             0     0
0043 AV 113                             0     0
0044 AV 114                             0     0
0045 AV 115                             0     0
0046 AV 116                             0     0
0047 AV 117                             0     0
0048 AV 118                             0     0
0049 AV 119                             0     0
0050 AV 120                             0     0
0051 AV 121                             0     0
0052 AV 122                             0     0
0053 AV 123                             0     0
0054 AV 125                             0     0
0055 AV 126                             0     0
0056 AV 127                             0     0
0057 AV 128                             0     0
0058 AV 129                             0     0
0059 AV 130                             0     0
====================================================================================================================================

                                                   VOTES  PERCENT
Proposition 61
  VOTE FOR  1
   01 = YES                                        5,984   34.45
   02 = NO                                        11,388   65.55
                                   ------------
                                       01    02
                                   ------------
0001 CP 01                            300   555
0002 CP 02                            294   472
0003 CP 03                            179   283
0004 CP 04                            243   561
0005 CP 05                            155   275
0006 CP 06                            383   850
0007 CP 07                            215   556
0008 CP 08                             49   159
0009 CP 09                             71   236
0010 CP 10                            151   347
0011 CP 11                             53    63
0012 CP 12                            148   241
0013 CP 13                            104   188
0014 CP 14                            242   438
0015 CP 15                            207   373
0016 CP 16                            215   425
0017 CP 17                            231   376
0018 CP 18                            293   473
0019 CP 19                            281   603
0020 CP 20                            205   348
0021 CP 21                            284   566
0022 CP 22                            139   297
0023 CP 23                            350   544
0024 CP 25                            201   344
0025 CP 26                            169   297
0026 CP 27                            190   297
0027 CP 28                            172   331
0028 CP 29                            134   289
0029 CP 30                            300   581
0030 CP 83                             26    20
0031 AV 101                             0     0
0032 AV 102                             0     0
0033 AV 103                             0     0
0034 AV 104                             0     0
0035 AV 105                             0     0
0036 AV 106                             0     0
0037 AV 107                             0     0
0038 AV 108                             0     0
0039 AV 109                             0     0
0040 AV 110                             0     0
0041 AV 111                             0     0
0042 AV 112                             0     0
0043 AV 113                             0     0
0044 AV 114                             0     0
0045 AV 115                             0     0
0046 AV 116                             0     0
0047 AV 117                             0     0
0048 AV 118                             0     0
0049 AV 119                             0     0
0050 AV 120                             0     0
0051 AV 121                             0     0
0052 AV 122                             0     0
0053 AV 123                             0     0
0054 AV 125                             0     0
0055 AV 126                             0     0
0056 AV 127                             0     0
0057 AV 128                             0     0
0058 AV 129                             0     0
0059 AV 130                             0     0
====================================================================================================================================

                                                   VOTES  PERCENT
Proposition 62
  VOTE FOR  1
   01 = YES                                        5,141   29.26
   02 = NO                                        12,430   70.74
                                   ------------
                                       01    02
                                   ------------
0001 CP 01                            289   565
0002 CP 02                            250   525
0003 CP 03                            168   297
0004 CP 04                            204   609
0005 CP 05                            117   319
0006 CP 06                            290   957
0007 CP 07                            197   581
0008 CP 08                             60   153
0009 CP 09                             68   243
0010 CP 10                            132   374
0011 CP 11                             58    66
0012 CP 12                            126   264
0013 CP 13                             87   213
0014 CP 14                            164   514
0015 CP 15                            167   420
0016 CP 16                            177   464
0017 CP 17                            169   446
0018 CP 18                            279   509
0019 CP 19                            273   615
0020 CP 20                            165   390
0021 CP 21                            264   590
0022 CP 22                            109   332
0023 CP 23                            323   584
0024 CP 25                            189   355
0025 CP 26                            148   331
0026 CP 27                            147   341
0027 CP 28                            158   361
0028 CP 29                            128   302
0029 CP 30                            212   686
0030 CP 83                             23    24
0031 AV 101                             0     0
0032 AV 102                             0     0
0033 AV 103                             0     0
0034 AV 104                             0     0
0035 AV 105                             0     0
0036 AV 106                             0     0
0037 AV 107                             0     0
0038 AV 108                             0     0
0039 AV 109                             0     0
0040 AV 110                             0     0
0041 AV 111                             0     0
0042 AV 112                             0     0
0043 AV 113                             0     0
0044 AV 114                             0     0
0045 AV 115                             0     0
0046 AV 116                             0     0
0047 AV 117                             0     0
0048 AV 118                             0     0
0049 AV 119                             0     0
0050 AV 120                             0     0
0051 AV 121                             0     0
0052 AV 122                             0     0
0053 AV 123                             0     0
0054 AV 125                             0     0
0055 AV 126                             0     0
0056 AV 127                             0     0
0057 AV 128                             0     0
0058 AV 129                             0     0
0059 AV 130                             0     0
====================================================================================================================================

                                                   VOTES  PERCENT
Proposition 63
  VOTE FOR  1
   01 = YES                                        5,768   32.58
   02 = NO                                        11,938   67.42
                                   ------------
                                       01    02
                                   ------------
0001 CP 01                            312   549
0002 CP 02                            301   471
0003 CP 03                            233   241
0004 CP 04                            203   607
0005 CP 05                            149   289
0006 CP 06                            382   872
0007 CP 07                            227   560
0008 CP 08                             33   181
0009 CP 09                             64   254
0010 CP 10                            125   388
0011 CP 11                             63    60
0012 CP 12                            134   259
0013 CP 13                             96   209
0014 CP 14                            224   462
0015 CP 15                            203   394
0016 CP 16                            229   412
0017 CP 17                            240   380
0018 CP 18                            334   464
0019 CP 19                            291   601
0020 CP 20                            182   381
0021 CP 21                            287   573
0022 CP 22                            138   302
0023 CP 23                            315   601
0024 CP 25                            166   385
0025 CP 26                            144   337
0026 CP 27                            157   338
0027 CP 28                            153   362
0028 CP 29                            120   317
0029 CP 30                            236   669
0030 CP 83                             27    20
0031 AV 101                             0     0
0032 AV 102                             0     0
0033 AV 103                             0     0
0034 AV 104                             0     0
0035 AV 105                             0     0
0036 AV 106                             0     0
0037 AV 107                             0     0
0038 AV 108                             0     0
0039 AV 109                             0     0
0040 AV 110                             0     0
0041 AV 111                             0     0
0042 AV 112                             0     0
0043 AV 113                             0     0
0044 AV 114                             0     0
0045 AV 115                             0     0
0046 AV 116                             0     0
0047 AV 117                             0     0
0048 AV 118                             0     0
0049 AV 119                             0     0
0050 AV 120                             0     0
0051 AV 121                             0     0
0052 AV 122                             0     0
0053 AV 123                             0     0
0054 AV 125                             0     0
0055 AV 126                             0     0
0056 AV 127                             0     0
0057 AV 128                             0     0
0058 AV 129                             0     0
0059 AV 130                             0     0
====================================================================================================================================

                                                   VOTES  PERCENT
Proposition 64
  VOTE FOR  1
   01 = YES                                        8,607   48.09
   02 = NO                                         9,291   51.91
                                   ------------
                                       01    02
                                   ------------
0001 CP 01                            433   446
0002 CP 02                            375   410
0003 CP 03                            235   250
0004 CP 04                            363   459
0005 CP 05                            214   228
0006 CP 06                            591   688
0007 CP 07                            340   448
0008 CP 08                             83   132
0009 CP 09                            128   187
0010 CP 10                            243   274
0011 CP 11                             84    40
0012 CP 12                            204   194
0013 CP 13                            145   164
0014 CP 14                            356   333
0015 CP 15                            313   294
0016 CP 16                            335   316
0017 CP 17                            297   332
0018 CP 18                            408   397
0019 CP 19                            403   494
0020 CP 20                            251   319
0021 CP 21                            435   432
0022 CP 22                            204   249
0023 CP 23                            483   441
0024 CP 25                            279   274
0025 CP 26                            235   248
0026 CP 27                            239   258
0027 CP 28                            231   292
0028 CP 29                            209   227
0029 CP 30                            460   449
0030 CP 83                             31    16
0031 AV 101                             0     0
0032 AV 102                             0     0
0033 AV 103                             0     0
0034 AV 104                             0     0
0035 AV 105                             0     0
0036 AV 106                             0     0
0037 AV 107                             0     0
0038 AV 108                             0     0
0039 AV 109                             0     0
0040 AV 110                             0     0
0041 AV 111                             0     0
0042 AV 112                             0     0
0043 AV 113                             0     0
0044 AV 114                             0     0
0045 AV 115                             0     0
0046 AV 116                             0     0
0047 AV 117                             0     0
0048 AV 118                             0     0
0049 AV 119                             0     0
0050 AV 120                             0     0
0051 AV 121                             0     0
0052 AV 122                             0     0
0053 AV 123                             0     0
0054 AV 125                             0     0
0055 AV 126                             0     0
0056 AV 127                             0     0
0057 AV 128                             0     0
0058 AV 129                             0     0
0059 AV 130                             0     0
====================================================================================================================================

                                                   VOTES  PERCENT
Proposition 65
  VOTE FOR  1
   01 = YES                                        5,638   32.43
   02 = NO                                        11,746   67.57
                                   ------------
                                       01    02
                                   ------------
0001 CP 01                            301   547
0002 CP 02                            265   499
0003 CP 03                            207   262
0004 CP 04                            210   588
0005 CP 05                            143   288
0006 CP 06                            373   861
0007 CP 07                            232   541
0008 CP 08                             43   169
0009 CP 09                             70   245
0010 CP 10                            136   371
0011 CP 11                             55    62
0012 CP 12                            133   250
0013 CP 13                            109   189
0014 CP 14                            231   448
0015 CP 15                            176   402
0016 CP 16                            222   414
0017 CP 17                            219   390
0018 CP 18                            278   502
0019 CP 19                            288   583
0020 CP 20                            188   367
0021 CP 21                            261   576
0022 CP 22                            135   300
0023 CP 23                            312   589
0024 CP 25                            154   389
0025 CP 26                            149   316
0026 CP 27                            148   334
0027 CP 28                            176   333
0028 CP 29                            141   284
0029 CP 30                            268   617
0030 CP 83                             15    30
0031 AV 101                             0     0
0032 AV 102                             0     0
0033 AV 103                             0     0
0034 AV 104                             0     0
0035 AV 105                             0     0
0036 AV 106                             0     0
0037 AV 107                             0     0
0038 AV 108                             0     0
0039 AV 109                             0     0
0040 AV 110                             0     0
0041 AV 111                             0     0
0042 AV 112                             0     0
0043 AV 113                             0     0
0044 AV 114                             0     0
0045 AV 115                             0     0
0046 AV 116                             0     0
0047 AV 117                             0     0
0048 AV 118                             0     0
0049 AV 119                             0     0
0050 AV 120                             0     0
0051 AV 121                             0     0
0052 AV 122                             0     0
0053 AV 123                             0     0
0054 AV 125                             0     0
0055 AV 126                             0     0
0056 AV 127                             0     0
0057 AV 128                             0     0
0058 AV 129                             0     0
0059 AV 130                             0     0
====================================================================================================================================

                                                   VOTES  PERCENT
Proposition 66
  VOTE FOR  1
   01 = YES                                        9,502   55.96
   02 = NO                                         7,477   44.04
                                   ------------
                                       01    02
                                   ------------
0001 CP 01                            435   392
0002 CP 02                            379   367
0003 CP 03                            245   205
0004 CP 04                            441   345
0005 CP 05                            245   182
0006 CP 06                            722   475
0007 CP 07                            442   324
0008 CP 08                            135    74
0009 CP 09                            190   115
0010 CP 10                            279   211
0011 CP 11                             51    65
0012 CP 12                            199   177
0013 CP 13                            158   127
0014 CP 14                            402   268
0015 CP 15                            321   244
0016 CP 16                            345   273
0017 CP 17                            323   266
0018 CP 18                            407   348
0019 CP 19                            476   387
0020 CP 20                            330   205
0021 CP 21                            442   378
0022 CP 22                            229   195
0023 CP 23                            468   400
0024 CP 25                            245   284
0025 CP 26                            247   214
0026 CP 27                            257   222
0027 CP 28                            309   186
0028 CP 29                            226   184
0029 CP 30                            532   341
0030 CP 83                             22    23
0031 AV 101                             0     0
0032 AV 102                             0     0
0033 AV 103                             0     0
0034 AV 104                             0     0
0035 AV 105                             0     0
0036 AV 106                             0     0
0037 AV 107                             0     0
0038 AV 108                             0     0
0039 AV 109                             0     0
0040 AV 110                             0     0
0041 AV 111                             0     0
0042 AV 112                             0     0
0043 AV 113                             0     0
0044 AV 114                             0     0
0045 AV 115                             0     0
0046 AV 116                             0     0
0047 AV 117                             0     0
0048 AV 118                             0     0
0049 AV 119                             0     0
0050 AV 120                             0     0
0051 AV 121                             0     0
0052 AV 122                             0     0
0053 AV 123                             0     0
0054 AV 125                             0     0
0055 AV 126                             0     0
0056 AV 127                             0     0
0057 AV 128                             0     0
0058 AV 129                             0     0
0059 AV 130                             0     0
====================================================================================================================================

                                                   VOTES  PERCENT
Proposition 67
  VOTE FOR  1
   01 = YES                                        6,572   37.23
   02 = NO                                        11,082   62.77
                                   ------------
                                       01    02
                                   ------------
0001 CP 01                            377   483
0002 CP 02                            310   466
0003 CP 03                            203   268
0004 CP 04                            266   546
0005 CP 05                            175   262
0006 CP 06                            383   861
0007 CP 07                            232   560
0008 CP 08                             61   152
0009 CP 09                             91   224
0010 CP 10                            154   355
0011 CP 11                             62    63
0012 CP 12                            168   225
0013 CP 13                            103   199
0014 CP 14                            248   434
0015 CP 15                            236   349
0016 CP 16                            244   394
0017 CP 17                            231   391
0018 CP 18                            382   420
0019 CP 19                            339   546
0020 CP 20                            229   333
0021 CP 21                            314   540
0022 CP 22                            128   313
0023 CP 23                            417   499
0024 CP 25                            214   334
0025 CP 26                            185   294
0026 CP 27                            166   326
0027 CP 28                            196   320
0028 CP 29                            151   281
0029 CP 30                            282   622
0030 CP 83                             25    22
0031 AV 101                             0     0
0032 AV 102                             0     0
0033 AV 103                             0     0
0034 AV 104                             0     0
0035 AV 105                             0     0
0036 AV 106                             0     0
0037 AV 107                             0     0
0038 AV 108                             0     0
0039 AV 109                             0     0
0040 AV 110                             0     0
0041 AV 111                             0     0
0042 AV 112                             0     0
0043 AV 113                             0     0
0044 AV 114                             0     0
0045 AV 115                             0     0
0046 AV 116                             0     0
0047 AV 117                             0     0
0048 AV 118                             0     0
0049 AV 119                             0     0
0050 AV 120                             0     0
0051 AV 121                             0     0
0052 AV 122                             0     0
0053 AV 123                             0     0
0054 AV 125                             0     0
0055 AV 126                             0     0
0056 AV 127                             0     0
0057 AV 128                             0     0
0058 AV 129                             0     0
0059 AV 130                             0     0
====================================================================================================================================
