0001 CP 01                            225   449
0002 CP 02                            211   407
0003 CP 03                            106   280
0004 CP 04                            222   373
0005 CP 05                            116   223
0006 CP 06                            349   610
0007 CP 07                            228   357
0008 CP 08                             65    86
0009 CP 09                            111   124
0010 CP 10                            170   212
0011 CP 11                             27    74
0012 CP 12                            113   195
0013 CP 13                             70   153
0014 CP 14                            216   330
0015 CP 15                            141   294
0016 CP 16                            163   342
0017 CP 17                            161   301
0018 CP 18                            221   408
0019 CP 19                            224   452
0020 CP 20                            159   296
0021 CP 21                            218   418
0022 CP 22                            144   214
0023 CP 23                            234   493
0024 CP 25                            128   293
0025 CP 26                            115   233
0026 CP 27                            179   198
0027 CP 28                            149   228
0028 CP 29                            125   203
0029 CP 30                            272   414
0030 CP 83                             10    30