precinct,prop51_yes,prop51_no
VALLEJO 17005,854,481
VALLEJO 17005,1198,556
VALLEJO 17005,1351,533
VALLEJO 17005,1103,457
VALLEJO 17005,502,367
VALLEJO 17005,686,499
VALLEJO 17005,723,384
VALLEJO 17005,461,244
VALLEJO 17005,275,126
VALLEJO 17005,797,444
VALLEJO 17005,606,419
VALLEJO 17005,486,378
VALLEJO 17005,1094,777
VALLEJO 17005,476,311
VALLEJO 17005,833,528
VALLEJO 17005,643,429
VALLEJO 17005,586,411
VALLEJO 17005,668,270
VALLEJO 17005,472,303
VALLEJO 17005,615
599,VALLEJO 17005,1142,838
VALLEJO 17005,14,7
VALLEJO 17005,3
1,VALLEJO 17005,3
2,VALLEJO 17005,876,803
VALLEJO 17005,867
803,VALLEJO 17005,614
603,VALLEJO 17005,694,616
VALLEJO 17005,439,417
VALLEJO 17005,1130
1095,VALLEJO 17005,1329
1136,VALLEJO 17005,872
821,VALLEJO 17005,640,576
VALLEJO 17005,743,546
VALLEJO 17005,2
1,VALLEJO 17005,766,612
VALLEJO 17005,4,1
VALLEJO 17005,226,150
VALLEJO 17005,303,175
VALLEJO 17005,297,191
VALLEJO 17005,164,143
VALLEJO 17005,706,299
VALLEJO 17005,280,212
VALLEJO 17005,621,390
VALLEJO 17005,469,275
VALLEJO 17005,705,461
VALLEJO 17005,690,477
VALLEJO 17005,682,448
VALLEJO 17005,594,454
VALLEJO 17005,732,566
VALLEJO 17005,398,356
VALLEJO 17005,304,266
VALLEJO 17005,126,110
VALLEJO 17005,276
161,VALLEJO 17005,261
149,VALLEJO 17005,69
30,VALLEJO 17005,49
23,VALLEJO 17005,176,110
VALLEJO 17005,11,8
VALLEJO 17005,18,11
VALLEJO 17005,133,70
VALLEJO 17005,247,240
VALLEJO 17005,634
589,VALLEJO 17005,373,347
VALLEJO 17005,411
400,VALLEJO 17005,250,230
VALLEJO 17005,164,99
VALLEJO 17005,115,111
VALLEJO 17005,349
313,VALLEJO 17005,639
573,VALLEJO 17005,562
561,VALLEJO 17005,740,446
VALLEJO 17005,466,325
VALLEJO 17005,138
118,VALLEJO 17005,617,577
VALLEJO 17005,0,0
VALLEJO 17005,89
47,VALLEJO 17005,697,518
VALLEJO 17005,382,213
VALLEJO 17005,168,118
VALLEJO 17005,74,51
VALLEJO 17005,235,131
VALLEJO 17005,140,85
VALLEJO 17005,444,210
VALLEJO 17005,260,173
VALLEJO 17005,478,352
VALLEJO 17005,314,261
VALLEJO 17005,4
1,VALLEJO 17005,22
13,VALLEJO 17005,6,5
VALLEJO 17005,141
67,VALLEJO 17005,240,95
VALLEJO 17005,232,123
VALLEJO 17005,450,361
VALLEJO 17005,511,280
VALLEJO 17005,325,238
VALLEJO 17005,840,526
VALLEJO 17005,783,545
VALLEJO 17005,579,319
VALLEJO 17005,142,92
VALLEJO 17005,118
44,VALLEJO 17005,79
57,VALLEJO 17005,676
553,VALLEJO 17005,104
80,VALLEJO 17005,394
393,VALLEJO 17005,285
285,VALLEJO 17005,211,210
VALLEJO 17005,245
130,VALLEJO 17005,103
51,VALLEJO 17005,36
30,VALLEJO 17005,50
34,VALLEJO 17005,611
461,VALLEJO 17005,247
166,VALLEJO 17005,54,34
VALLEJO 17005,670
610,VALLEJO 17005,289,201
VALLEJO 17005,479
323,VALLEJO 17005,751
641,VALLEJO 17005,56
46,VALLEJO 17005,804
615,VALLEJO 17005,604
490,VALLEJO 17005,474
424,VALLEJO 17005,783
708,VALLEJO 17005,108
42,VALLEJO 17005,34
9,VALLEJO 17005,28
9,VALLEJO 17005,221
133,VALLEJO 17005,151
80,VALLEJO 17005,820
548,VALLEJO 17005,867
667,VALLEJO 17005,0
0,VALLEJO 17005,275
126,VALLEJO 17005,40
17,VALLEJO 17005,56
39,VALLEJO 17005,163,122
VALLEJO 17005,342,280
VALLEJO 17005,538
511,VALLEJO 17005,502
384,VALLEJO 17005,647,636
VALLEJO 17005,574,569
VALLEJO 17005,882
783,VALLEJO 17005,56,26
VALLEJO 17005,290
124,VALLEJO 17005,563
260,VALLEJO 17005,59
31,VALLEJO 17005,15
4,VALLEJO 17005,146
116,VALLEJO 17005,1149,685
VALLEJO 17005,2
0,VALLEJO 17005,1114,734
VALLEJO 17005,2
1,VALLEJO 17005,1114,783
VALLEJO 17005,1097,905
VALLEJO 17005,721
634,VALLEJO 17005,843
742,VALLEJO 17005,1527
1340,VALLEJO 17005,1180,917
VALLEJO 17005,69,66
VALLEJO 17005,981
777,VALLEJO 17005,53,52
VALLEJO 17005,666
482,VALLEJO 17005,545
427,VALLEJO 17005,0
0,VALLEJO 17005,486
456,VALLEJO 17005,582
542,VALLEJO 17005,752
724,VALLEJO 17005,49,43
VALLEJO 17005,680
617,VALLEJO 17005,687,654
VALLEJO 17005,58
49,VALLEJO 17005,322
305,VALLEJO 17005,384
336,VALLEJO 17005,745
569,VALLEJO 17005,572,568
VALLEJO 17005,2,2
VALLEJO 17005,70
64,VALLEJO 17005,72
53,VALLEJO 17005,76
46,VALLEJO 17005,26
16,VALLEJO 17005,3
2,VALLEJO 17005,24
15,VALLEJO 17005,62
24,VALLEJO 17005,24
12,VALLEJO 17005,57
23,VALLEJO 17005,1
0,VALLEJO 17005,18
6,VALLEJO 17005,81
61,VALLEJO 17005,29,27
VALLEJO 17005,1
1,VALLEJO 17005,32,21
VALLEJO 17005,8
4,VALLEJO 17005,28
17,VALLEJO 17005,30
25,VALLEJO 17005,1
0,VALLEJO 17005,9
8,VALLEJO 17005,2,0
VALLEJO 17005,37
29,VALLEJO 17005,10,2
VALLEJO 17005,52,15
VALLEJO 17005,3,1
VALLEJO 17005,6
2,VALLEJO 17005,13
7,VALLEJO 17005,5
5,VALLEJO 17005,10,6
VALLEJO 17005,4,2
VALLEJO 17005,14
5,VALLEJO 17005,13,5
VALLEJO 17005,2
0,VALLEJO 17005,26
11,VALLEJO 17005,18
15,VALLEJO 17005,2
1,VALLEJO 17005,87
33,VALLEJO 17005,14
13,VALLEJO 17005,34
21,VALLEJO 17005,67
28,VALLEJO 17005,6
4,VALLEJO 17005,5
4,VALLEJO 17005,6
2,VALLEJO 17005,5,3
VALLEJO 17005,17
7,VALLEJO 17005,0
0,VALLEJO 17005,40,31
VALLEJO 17005,16
15,VALLEJO 17005,14,10
VALLEJO 17005,2,0
VALLEJO 17005,11
8,VALLEJO 17005,11
0,VALLEJO 17005,2
1,VALLEJO 17005,0
0,VALLEJO 17005,0
0,VALLEJO 17005,0
0,VALLEJO 17005,0
0,VALLEJO 17005,0
0,VALLEJO 17005,0
0,VALLEJO 17005,0
0,VALLEJO 17005,0
0,VALLEJO 17005,0
0,VALLEJO 17005,0
0,VALLEJO 17005,0
0,VALLEJO 17005,0
0,VALLEJO 17005,0
0,VALLEJO 17005,0
0,VALLEJO 17005,0
0,VALLEJO 17005,0
0,VALLEJO 17005,0
0,VALLEJO 17005,0
0,VALLEJO 17005,0
0,VALLEJO 17005,0
0,VALLEJO 17005,0
0,VALLEJO 17005,13,4
VALLEJO 17005,0
0,VALLEJO 17005,0
0,VALLEJO 17005,0
0,VALLEJO 17005,0
0,VALLEJO 17005,0
0,VALLEJO 17005,0
0,VALLEJO 17005,0
0,VALLEJO 17005,0
0,VALLEJO 17005,0
0,VALLEJO 17005,0
0,VALLEJO 17005,0
0,VALLEJO 17005,0
0,VALLEJO 17005,0
0,VALLEJO 17005,0
0,VALLEJO 17005,0
0,